%  columns="iteration, evaluation, sigma, axis ratio, bestever, best, median, worst fitness function value, further objective values of best" (startseed=217047, 2021/07/19 19:51:53.47)
1 19 9.221557e-01 1.065956e+00  3.239218450004374716e+01  7.706816670643119949e+01  1.518346760301653376e+03  8.237923986045052516e+03
2 37 8.778928e-01 1.104193e+00  3.239218450004374716e+01  7.476631038298376097e+01  1.821401930814947434e+02  8.297363930163124678e+03
3 55 8.444453e-01 1.144145e+00  3.239218450004374716e+01  7.478656913732947942e+01  1.591351852820680506e+02  6.547820470091345669e+03
4 73 8.187187e-01 1.224957e+00  3.239218450004374716e+01  7.310402323528775526e+01  1.600317638727770486e+02  6.118968020451870871e+03
5 91 8.093755e-01 1.276393e+00  3.239218450004374716e+01  5.843142346239635998e+01  1.727367516711070152e+02  8.130798175815358263e+03
6 109 8.147047e-01 1.367293e+00  3.239218450004374716e+01  6.376131603949109206e+01  1.475749756125030672e+02  5.171394320685833918e+03
7 127 8.145729e-01 1.479221e+00  3.239218450004374716e+01  6.516375607573463924e+01  1.269262537301103464e+02  1.002492041179497392e+04
8 145 7.872089e-01 1.582299e+00  3.239218450004374716e+01  6.711350373352753707e+01  1.232312541129366252e+02  6.637388194101306908e+03
9 163 7.724037e-01 1.706959e+00  3.239218450004374716e+01  6.391413800831106329e+01  1.170981026454067262e+02  6.926591557358918180e+03
10 181 7.693663e-01 1.811455e+00  3.239218450004374716e+01  7.461086300705539998e+01  1.187669182769897702e+02  7.476357024490533149e+03
11 199 7.728018e-01 1.917659e+00  3.239218450004374716e+01  6.431563316367243033e+01  1.404036241502042230e+02  6.532571364973953678e+03
12 217 7.662673e-01 2.054031e+00  3.239218450004374716e+01  6.999881783534286228e+01  1.789254477499899281e+02  6.147348039386050914e+03
13 235 7.734352e-01 2.174903e+00  3.239218450004374716e+01  7.483585355276575513e+01  1.086979552871844845e+02  7.689973592335166359e+03
14 253 7.737529e-01 2.292245e+00  3.239218450004374716e+01  4.205529592451129162e+01  1.009106242874611183e+02  5.558378245300898925e+03
15 271 7.749059e-01 2.370185e+00  3.239218450004374716e+01  8.094758393937107144e+01  1.708365276941499928e+02  5.511296368176500437e+03
16 289 7.844627e-01 2.509728e+00  3.239218450004374716e+01  7.282297579488033534e+01  8.372817419225623325e+02  5.700774055039868472e+03
17 307 7.970012e-01 2.586462e+00  3.239218450004374716e+01  7.088007542154967666e+01  1.148245495802866003e+02  4.085256730098817116e+03
18 325 8.118820e-01 2.853796e+00  3.239218450004374716e+01  5.752980856391823039e+01  8.798752123671678760e+01  7.359228546747165637e+03
19 343 8.480684e-01 3.139999e+00  3.239218450004374716e+01  5.642639549919317687e+01  9.418066900098349947e+01  3.637986793996577489e+03
20 361 8.583225e-01 3.257471e+00  3.239218450004374716e+01  5.214475974418581927e+01  1.406962133675124846e+02  5.404210927777518918e+03
21 379 8.634198e-01 3.380872e+00  3.239218450004374716e+01  5.413910052781628934e+01  7.739612080406746486e+01  5.937812051137972048e+03
22 397 8.453377e-01 3.672312e+00  3.239218450004374716e+01  5.510171829132664101e+01  8.225717757381470108e+01  1.053975572629367889e+04
23 415 8.318109e-01 3.795643e+00  3.239218450004374716e+01  5.467473910477597343e+01  1.043259311599001933e+02  6.168073140391277775e+03
24 433 8.510344e-01 4.073912e+00  3.239218450004374716e+01  4.880950959987208648e+01  1.047668103667477055e+02  7.019733011188013734e+03
25 451 8.592901e-01 4.557170e+00  3.239218450004374716e+01  5.440029229609344696e+01  9.292228892793615103e+01  3.737485835841036078e+03
26 469 8.712895e-01 4.874303e+00  3.239218450004374716e+01  5.331165350065256803e+01  9.243047616963283986e+01  3.749477346200356806e+03
27 487 8.816721e-01 5.013613e+00  3.239218450004374716e+01  5.331725604802981167e+01  9.128863860996527535e+01  7.223338800616631488e+03
28 505 9.173235e-01 5.131214e+00  3.239218450004374716e+01  5.660234683492404884e+01  1.061100291709932435e+02  9.461272100661684817e+03
29 523 9.821743e-01 5.840238e+00  3.239218450004374716e+01  5.062020808761322144e+01  9.615732037988530578e+01  1.167446092543529812e+04
30 541 1.003223e+00 6.228134e+00  3.239218450004374716e+01  4.868372361868579645e+01  6.418729751705745912e+01  9.932360064276184858e+03
31 559 1.016892e+00 6.499793e+00  3.239218450004374716e+01  4.891310221340911824e+01  1.228717250159270691e+02  1.433698940265006786e+04
32 577 1.051865e+00 7.168183e+00  3.239218450004374716e+01  4.954425754349551170e+01  8.307512783119568667e+01  1.074849161386824198e+04
33 595 1.039433e+00 7.555267e+00  3.239218450004374716e+01  4.889215147855622234e+01  1.184759786236789409e+02  1.863110982257880460e+04
34 613 1.025287e+00 8.351981e+00  3.239218450004374716e+01  4.899965090584067440e+01  6.779561733725816453e+01  1.196629203199283984e+04
35 631 1.027207e+00 9.005965e+00  3.239218450004374716e+01  5.163438281946385189e+01  5.393195590176754195e+03  1.642582528208535223e+04
36 649 1.020535e+00 9.425562e+00  3.239218450004374716e+01  5.072354075866035572e+01  9.974968837141074118e+01  8.420601141395572995e+03
37 667 1.010481e+00 1.004729e+01  3.239218450004374716e+01  4.887392864072417353e+01  8.022368197352129471e+01  5.305864907289985240e+03
38 685 1.016161e+00 1.006429e+01  3.239218450004374716e+01  4.909389776276488959e+01  6.009910987692465056e+01  7.459156818906131775e+03
39 703 1.023588e+00 1.026648e+01  3.239218450004374716e+01  5.353133988667844534e+01  8.350678643597984774e+01  3.431893255327688621e+03
40 721 1.005191e+00 1.080237e+01  3.239218450004374716e+01  5.277723589213594124e+01  6.520565447507146928e+01  2.079814490034463233e+04
41 739 1.031902e+00 1.195392e+01  3.239218450004374716e+01  5.332201102847785279e+01  6.953933164585016584e+02  1.121922952072490079e+04
42 757 1.059181e+00 1.223344e+01  3.239218450004374716e+01  4.958491876655566699e+01  6.024002524104398049e+01  1.580657908994657873e+03
43 775 1.096482e+00 1.295150e+01  3.239218450004374716e+01  4.870261105873917273e+01  8.339877254585366018e+01  9.424628915501603842e+03
44 793 1.103176e+00 1.305247e+01  3.239218450004374716e+01  5.162228188377541471e+01  7.206729952065131783e+01  8.764728454158577733e+03
45 811 1.092322e+00 1.377548e+01  3.239218450004374716e+01  4.871639155688302480e+01  8.167470173277641265e+01  4.756704880004596816e+03
46 829 1.083014e+00 1.501941e+01  3.239218450004374716e+01  4.950350056386060515e+01  6.074630204695961311e+01  4.541478269191811705e+03
47 847 1.087239e+00 1.643529e+01  3.239218450004374716e+01  4.898116882376288572e+01  7.129365267461702160e+01  5.957318579525861423e+03
48 865 1.111884e+00 1.810168e+01  3.239218450004374716e+01  5.167126606015342105e+01  6.458912590419240018e+01  5.391518911210114311e+03
49 883 1.121881e+00 1.921605e+01  3.239218450004374716e+01  4.908468342443813270e+01  1.213646857484507109e+02  4.844519421405821049e+03
50 901 1.136915e+00 2.006404e+01  3.239218450004374716e+01  4.928345866015586552e+01  6.352901575061781614e+01  7.002574558643254932e+02
51 919 1.137646e+00 2.112781e+01  3.239218450004374716e+01  4.480716204412861714e+01  6.348414924736222531e+01  2.591380587463022948e+03
52 937 1.154656e+00 2.346107e+01  3.239218450004374716e+01  4.868148936534645799e+01  9.042539837687746740e+02  7.565482693597117759e+03
53 955 1.163645e+00 2.465319e+01  3.239218450004374716e+01  4.863047423934352764e+01  2.149802292588737487e+02  7.783175800059767425e+03
54 973 1.154758e+00 2.539192e+01  3.239218450004374716e+01  4.907945670433584695e+01  6.386037776086703133e+01  3.354395216324043759e+03
55 991 1.162290e+00 2.624713e+01  3.239218450004374716e+01  5.105929217965260847e+01  7.166577313888791423e+01  1.902530231271093271e+03
56 1009 1.181150e+00 2.650811e+01  3.239218450004374716e+01  4.786869120584489679e+01  5.950601024298788388e+01  2.157977158053878611e+03
57 1027 1.178119e+00 2.761207e+01  3.239218450004374716e+01  5.011127174129742912e+01  6.630418997964616779e+01  7.715713423931433681e+03
58 1045 1.162476e+00 2.835960e+01  3.239218450004374716e+01  4.939012789372458201e+01  6.646316740648285304e+01  3.990438987894522143e+03
59 1063 1.205355e+00 3.022233e+01  3.239218450004374716e+01  4.874794258198186014e+01  5.945500983069840828e+01  6.918587441275188212e+03
60 1081 1.221329e+00 3.036635e+01  3.239218450004374716e+01  4.888509150650114066e+01  8.425931179326163090e+01  4.440634716464461235e+03
61 1099 1.221267e+00 3.092346e+01  3.239218450004374716e+01  4.893694248433004645e+01  6.781904131985756123e+01  7.069270557176510010e+03
62 1117 1.235451e+00 3.183234e+01  3.239218450004374716e+01  4.969199393939439346e+01  6.145782192542282729e+01  1.782093778129280508e+03
63 1135 1.233552e+00 3.338212e+01  3.239218450004374716e+01  4.965541619013256991e+01  1.021748982592650634e+02  7.308647288840023066e+03
64 1153 1.246034e+00 3.344731e+01  3.239218450004374716e+01  4.864150301741845084e+01  7.051758323971060349e+01  4.233783147166441267e+03
65 1171 1.266566e+00 3.374735e+01  3.239218450004374716e+01  4.023729500945809434e+01  5.633203437037312256e+01  1.850102285240573337e+03
66 1189 1.268508e+00 3.386814e+01  3.239218450004374716e+01  5.075221174286011916e+01  3.440542945281635525e+02  4.550463140125419159e+03
67 1207 1.270771e+00 3.605474e+01  3.239218450004374716e+01  5.139338125294329984e+01  7.239940401288394867e+01  1.310899011546860265e+03
68 1225 1.255588e+00 3.622963e+01  3.239218450004374716e+01  4.934419979969550951e+01  6.572010626383317344e+01  3.522145112163932481e+02
69 1243 1.240339e+00 3.661655e+01  3.239218450004374716e+01  5.140342374577916473e+01  7.275765680369752886e+01  2.661732250194470453e+02
70 1261 1.228534e+00 4.042267e+01  3.239218450004374716e+01  4.858765465395917715e+01  6.065762849529836842e+01  6.030299915511754079e+03
71 1279 1.212203e+00 4.563918e+01  3.239218450004374716e+01  5.044281608016705576e+01  5.801080133906215508e+01  1.270133703911647416e+02
72 1297 1.219237e+00 4.750503e+01  3.239218450004374716e+01  4.957620953319856483e+01  6.173281672624825944e+01  1.517828636349884619e+03
73 1315 1.224365e+00 5.005371e+01  3.239218450004374716e+01  4.886975841680669674e+01  5.880942103628439099e+01  1.910505524707492214e+03
74 1333 1.226747e+00 5.071296e+01  3.239218450004374716e+01  4.512959753583378841e+01  6.163396093022045363e+01  2.318653639542389556e+03
75 1351 1.203141e+00 5.428954e+01  3.239218450004374716e+01  4.881073559913362203e+01  5.719415342208662878e+01  5.339448023851674634e+02
76 1369 1.186010e+00 5.588245e+01  3.239218450004374716e+01  4.858135040943164995e+01  5.654675902259922537e+01  1.321906230488988285e+03
77 1387 1.161072e+00 5.676763e+01  3.239218450004374716e+01  4.888512123487726768e+01  5.353997674258773287e+01  4.266554187681294025e+03
78 1405 1.140865e+00 5.634395e+01  3.239218450004374716e+01  4.859555212854061068e+01  5.181743889575897555e+01  1.893751432857222426e+03
79 1423 1.082645e+00 5.724712e+01  3.239218450004374716e+01  4.874782350812614595e+01  5.502396050626340696e+01  2.397807065476125445e+03
80 1441 1.065484e+00 6.122656e+01  3.239218450004374716e+01  4.864860813916052251e+01  6.291408812156318220e+01  5.754338550979105094e+03
81 1459 1.050689e+00 6.350419e+01  3.239218450004374716e+01  4.755731681540668632e+01  5.106001758052325812e+01  1.858048625679236920e+03
82 1477 1.034235e+00 6.784643e+01  3.239218450004374716e+01  4.886925001200793162e+01  5.203535084144987621e+01  1.282524969908880848e+03
83 1495 1.022202e+00 7.091476e+01  3.239218450004374716e+01  4.853647970206436213e+01  5.207512646362094699e+01  6.024975856227182902e+01
84 1513 9.888783e-01 7.315467e+01  3.239218450004374716e+01  4.849990634112381827e+01  5.206845452613501379e+01  3.125581731607956613e+02
85 1531 9.577371e-01 7.429030e+01  3.239218450004374716e+01  4.878045445311886397e+01  5.506357287960263136e+01  1.010057055352666907e+03
86 1549 9.204195e-01 7.529740e+01  3.239218450004374716e+01  4.722765734361531287e+01  5.225104351690563220e+01  1.875202826886162256e+03
87 1567 8.897642e-01 7.802521e+01  3.239218450004374716e+01  4.929733290806868951e+01  5.469975988591482974e+01  8.953804856131174574e+02
88 1585 8.551020e-01 7.841409e+01  3.239218450004374716e+01  4.851844808122475428e+01  5.098417332074075858e+01  8.238017243911613150e+02
89 1603 8.082447e-01 8.020490e+01  3.239218450004374716e+01  4.861796133485245974e+01  5.529691922175900487e+01  2.304117375921081475e+03
90 1621 7.903471e-01 7.880190e+01  3.239218450004374716e+01  4.853246041739866712e+01  4.970361680410077554e+01  5.426644663714979089e+01
91 1639 7.747018e-01 9.139014e+01  3.239218450004374716e+01  4.855498932367617471e+01  5.415204067770957863e+01  1.533919654887719389e+03
92 1657 7.827551e-01 9.548421e+01  3.239218450004374716e+01  4.855863061258418156e+01  5.004145091215884378e+01  3.145050201359418338e+02
93 1675 7.752306e-01 9.766277e+01  3.239218450004374716e+01  4.863379039111805469e+01  4.910963062533539158e+01  7.214022560572883549e+02
94 1693 7.574628e-01 1.050338e+02  3.239218450004374716e+01  4.678268819732782191e+01  5.025392196544703438e+01  1.137526034729582534e+03
95 1711 7.407023e-01 1.063721e+02  3.239218450004374716e+01  4.851847608068338502e+01  4.988977035588769127e+01  8.541251261767708911e+02
96 1729 7.266042e-01 1.075676e+02  3.239218450004374716e+01  4.857354371494466960e+01  5.019672989523439810e+01  8.720108754010009022e+01
97 1747 7.154440e-01 1.056623e+02  3.239218450004374716e+01  4.565556151783497540e+01  4.904994069546033586e+01  5.601910184003415338e+01
98 1765 7.161504e-01 1.165885e+02  3.239218450004374716e+01  4.871208768919589005e+01  5.135595252466086436e+01  3.669221238666105478e+02
99 1783 7.266791e-01 1.165310e+02  3.239218450004374716e+01  4.439135783332950069e+01  4.962750597022511556e+01  6.477390498016146694e+02
100 1801 7.437559e-01 1.214858e+02  3.239218450004374716e+01  4.672956193796425595e+01  4.908036450731012224e+01  5.257723476759183541e+02
101 1819 7.406847e-01 1.348720e+02  3.239218450004374716e+01  4.850118010851461747e+01  4.885463594670972043e+01  3.160388580369355509e+02
102 1837 7.582111e-01 1.353489e+02  3.239218450004374716e+01  4.559972135251670977e+01  4.986957817402426230e+01  6.085723316720890352e+02
103 1855 7.666901e-01 1.391415e+02  3.239218450004374716e+01  4.855108213547755724e+01  4.935069695899863973e+01  9.414491176066075013e+02
104 1873 7.603723e-01 1.412603e+02  3.239218450004374716e+01  4.853840399196329258e+01  4.915363021959397116e+01  9.472347122666339203e+01
105 1891 7.628305e-01 1.501094e+02  3.239218450004374716e+01  4.849863645827058178e+01  4.907701568547361148e+01  1.134888941522756625e+02
106 1909 7.711754e-01 1.524380e+02  3.239218450004374716e+01  4.628275121550938564e+01  4.889509883728355533e+01  3.471675156851839574e+02
107 1927 7.754537e-01 1.692078e+02  3.239218450004374716e+01  4.425072159845889530e+01  5.071677422755705322e+01  6.255433308891743991e+02
108 1945 8.178497e-01 1.771675e+02  3.239218450004374716e+01  4.857764116495751239e+01  4.916602280807641279e+01  7.684791755127549777e+02
109 1963 8.624571e-01 1.846828e+02  3.239218450004374716e+01  4.635441798735703145e+01  4.938955586194716574e+01  4.594205554162152794e+02
110 1981 8.781954e-01 1.886145e+02  3.239218450004374716e+01  4.854650922618432674e+01  4.919890177167454937e+01  4.246969193361566681e+02
111 1999 8.538094e-01 1.987037e+02  3.239218450004374716e+01  4.852806819231663127e+01  4.996152854348792971e+01  1.708288748378687387e+02
112 2017 8.263874e-01 2.078261e+02  3.239218450004374716e+01  4.855758465786295375e+01  5.040564853807632062e+01  8.550634447944855765e+01
113 2035 8.186391e-01 2.102440e+02  3.239218450004374716e+01  4.853188796302362817e+01  5.017959520055200073e+01  2.827693703465026829e+02
114 2053 8.098543e-01 2.167948e+02  3.239218450004374716e+01  4.846396207213692264e+01  4.947110896399016156e+01  3.227582101392637810e+02
115 2071 8.100403e-01 2.212387e+02  3.239218450004374716e+01  4.853472886446238732e+01  4.976333410122553147e+01  2.893035932345288757e+02
116 2089 8.256060e-01 2.253449e+02  3.239218450004374716e+01  4.678121093387760965e+01  5.024708011636996474e+01  2.024742497372181163e+02
117 2107 8.417486e-01 2.283148e+02  3.239218450004374716e+01  4.729221610315613589e+01  4.944217484600110879e+01  5.460325649504926560e+01
118 2125 8.433345e-01 2.448277e+02  3.239218450004374716e+01  4.561510827193615825e+01  4.881159817850893035e+01  4.493007405056629864e+02
119 2143 8.335736e-01 2.592389e+02  3.239218450004374716e+01  4.596830125978048898e+01  4.938928610110026796e+01  1.393191874626321578e+02
120 2161 8.261414e-01 2.726176e+02  3.239218450004374716e+01  4.687020887168978334e+01  4.968808743839160513e+01  2.534167138538475115e+02
121 2179 8.032655e-01 2.787245e+02  3.239218450004374716e+01  4.617195234679811477e+01  4.918031688750771480e+01  3.039707937700028424e+02
122 2197 7.705490e-01 2.756116e+02  3.239218450004374716e+01  4.196351738023440703e+01  4.940142986117439250e+01  5.730769930285750036e+01
123 2215 7.660315e-01 3.036366e+02  3.239218450004374716e+01  4.335152716306488685e+01  4.961509068594867244e+01  9.220106905024438504e+01
124 2233 7.704104e-01 3.100219e+02  3.239218450004374716e+01  4.101695356824063055e+01  5.052613153274833735e+01  1.990823750907729845e+02
125 2251 7.702300e-01 3.255530e+02  3.239218450004374716e+01  4.444367122399560088e+01  5.702330491360864073e+01  2.500472781804139970e+02
126 2269 7.718639e-01 3.312708e+02  3.239218450004374716e+01  4.172451766020068220e+01  4.936055277229891658e+01  1.976314106704752760e+02
127 2287 7.762547e-01 3.329669e+02  3.239218450004374716e+01  4.283388747280594799e+01  5.157779928018221938e+01  2.691660167741015357e+02
128 2305 7.754877e-01 3.368368e+02  3.239218450004374716e+01  4.457695081630842537e+01  5.104346869198111847e+01  2.872129329628264713e+02
129 2323 7.709426e-01 3.346030e+02  3.239218450004374716e+01  4.359344822595287638e+01  4.970060617015984405e+01  1.580666508210296115e+02
130 2341 7.653905e-01 3.391034e+02  3.239218450004374716e+01  4.340079858223700882e+01  4.924895997898283895e+01  8.200968050509409579e+01
131 2359 7.740296e-01 3.588722e+02  3.239218450004374716e+01  4.270652194606052632e+01  4.906207432357325615e+01  9.651141827980013943e+01
132 2377 7.761026e-01 3.870199e+02  3.239218450004374716e+01  4.281423926828702520e+01  5.271326877950868806e+01  1.636323961196124230e+02
133 2395 7.891742e-01 3.940362e+02  3.239218450004374716e+01  4.333684536128343012e+01  4.965072791601631508e+01  1.671912497018657007e+02
134 2413 7.875144e-01 4.026958e+02  3.239218450004374716e+01  4.317097518384947819e+01  5.031126063475635135e+01  9.838709336476915723e+01
135 2431 7.734360e-01 4.073972e+02  3.239218450004374716e+01  4.379868143909476430e+01  5.150090246992543541e+01  1.759206796585353629e+02
136 2449 7.458507e-01 4.163401e+02  3.239218450004374716e+01  4.178167437339885737e+01  4.773418489301715084e+01  1.718225577291482011e+02
137 2467 7.268195e-01 4.325976e+02  3.239218450004374716e+01  4.378537611536220453e+01  4.885990367865748141e+01  1.628693487659997174e+02
138 2485 7.154540e-01 4.436669e+02  3.239218450004374716e+01  4.128183699188555522e+01  4.962455351338346787e+01  9.549211607177254280e+01
139 2503 6.891680e-01 4.565599e+02  3.239218450004374716e+01  4.176647282585457788e+01  4.577024719451297585e+01  6.529403544819612648e+01
140 2521 6.912736e-01 4.867442e+02  3.239218450004374716e+01  4.173440011230714219e+01  4.697244918123099922e+01  9.695063039494984025e+01
141 2539 6.790852e-01 5.261501e+02  3.239218450004374716e+01  4.125609754083276925e+01  4.876326014060767022e+01  8.545588219845818401e+01
142 2557 6.686026e-01 5.492295e+02  3.239218450004374716e+01  4.184587522578565455e+01  4.893753632776877538e+01  8.474816835590767994e+01
143 2575 6.801290e-01 5.744750e+02  3.239218450004374716e+01  4.107601820418172878e+01  4.581787180193464337e+01  6.621648653465608447e+01
144 2593 6.870589e-01 5.930168e+02  3.239218450004374716e+01  3.959391553259433749e+01  5.035364390119431732e+01  1.090574593615364023e+02
145 2611 7.197456e-01 6.214341e+02  3.239218450004374716e+01  4.059734748143635130e+01  4.667692130474220136e+01  6.511914503312772240e+01
146 2629 7.417648e-01 6.542019e+02  3.239218450004374716e+01  4.040437512861700498e+01  4.751416349361372227e+01  8.699890702201355452e+01
147 2647 7.539133e-01 7.051941e+02  3.239218450004374716e+01  3.928717694795077620e+01  4.342812489276155219e+01  9.062637599134995980e+01
148 2665 7.606755e-01 7.216206e+02  3.239218450004374716e+01  4.017324538628857056e+01  4.733634533447724380e+01  6.993436970023189758e+01
149 2683 7.451140e-01 7.351237e+02  3.239218450004374716e+01  3.844399748662888783e+01  4.481699708046230057e+01  1.712908012281138213e+02
150 2701 7.454703e-01 7.926685e+02  3.239218450004374716e+01  3.675055108738454379e+01  4.498205158677781412e+01  6.090875170633703561e+01
151 2719 7.520211e-01 8.186129e+02  3.239218450004374716e+01  3.781819704380617964e+01  4.214405978621362436e+01  6.802805108251763500e+01
152 2737 7.601934e-01 8.420381e+02  3.239218450004374716e+01  3.774799418845248056e+01  4.316512689218453147e+01  5.338259532063694479e+01
153 2755 7.387834e-01 8.637839e+02  3.239218450004374716e+01  3.640870221780907912e+01  4.434884829539739570e+01  8.138078221795883849e+01
154 2773 7.245716e-01 9.087433e+02  3.239218450004374716e+01  3.586856790271193773e+01  4.051706021877609487e+01  5.578166823617543457e+01
155 2791 7.222721e-01 9.649761e+02  3.239218450004374716e+01  3.512950014163057233e+01  4.153770960585356420e+01  7.420557172084855324e+01
156 2809 7.219352e-01 9.743497e+02  3.239218450004374716e+01  3.517078004218605969e+01  3.832609127740130361e+01  7.639692117457792619e+01
157 2827 7.082457e-01 9.875470e+02  3.239218450004374716e+01  3.522393044144152441e+01  4.166987849583405534e+01  6.845122512426522121e+01
158 2845 7.014103e-01 1.026084e+03  3.239218450004374716e+01  3.456151686754002839e+01  3.744063016536067323e+01  4.895277972291260937e+01
159 2863 7.117471e-01 1.059029e+03  3.239218450004374716e+01  3.453917653205792249e+01  3.742875646526434252e+01  6.752885412369558082e+01
160 2881 7.218463e-01 1.077251e+03  3.239218450004374716e+01  3.427046273381875352e+01  3.685564640012579218e+01  6.473581057305682407e+01
161 2899 7.104318e-01 1.078493e+03  3.239218450004374716e+01  3.343142435602982232e+01  3.651395458004766681e+01  5.001706459461467347e+01
162 2917 7.180408e-01 1.064055e+03  3.239218450004374716e+01  3.374101066948419714e+01  3.851483351960582269e+01  6.203834073739994892e+01
163 2935 7.155924e-01 1.120765e+03  3.239218450004374716e+01  3.342852525378491890e+01  3.665994497524021511e+01  5.209173434850445972e+01
164 2953 6.978472e-01 1.073361e+03  3.239218450004374716e+01  3.266044468401499756e+01  3.460131072727236301e+01  5.071704516474524382e+01
165 2971 6.870885e-01 1.077380e+03  3.239218450004374716e+01  3.241834699658055285e+01  3.498553711342500350e+01  4.826323965125780546e+01
166 2989 6.670095e-01 1.077662e+03  3.239218450004374716e+01  3.276770807155784837e+01  3.578108928603157324e+01  5.651375695219559248e+01
167 3007 6.543538e-01 1.033266e+03  3.239218450004374716e+01  3.268631252260818343e+01  3.366589080781935905e+01  5.196130462037386621e+01
168 3025 6.382573e-01 1.043689e+03  3.239218450004374716e+01  3.270847195132253660e+01  3.770591655470516912e+01  5.554024296294934970e+01
169 3043 6.228953e-01 1.084612e+03  3.239218450004374716e+01  3.286045448024886895e+01  3.480307562207917726e+01  4.455227520846652567e+01
170 3061 5.911784e-01 1.032355e+03  3.239218450004374716e+01  3.246418697865457403e+01  3.548256472583319265e+01  4.842826366041364849e+01
171 3079 5.780286e-01 9.918774e+02  3.239218450004374716e+01  3.244525495500266032e+01  3.591761525979823233e+01  5.470298660444241534e+01
172 3097 5.615169e-01 9.738105e+02  3.239218450004374716e+01  3.244702021331035269e+01  3.386650777277279900e+01  5.175127400627986418e+01
173 3115 5.598951e-01 9.220025e+02  3.239218450004374716e+01  3.257108903598071237e+01  3.542507187754815590e+01  5.698820356847770796e+01
174 3133 5.671534e-01 9.009681e+02  3.239218450004374716e+01  3.274203332948022194e+01  3.461572061887686402e+01  4.609792824559325908e+01
175 3151 5.773631e-01 8.913764e+02  3.239218450004374716e+01  3.261665723975360720e+01  3.459380032444374820e+01  5.289141616442932303e+01
176 3169 5.751585e-01 9.099951e+02  3.239218450004374716e+01  3.255095643157329022e+01  3.351865664554327395e+01  4.032522066325751808e+01
177 3187 5.625278e-01 9.385702e+02  3.239218450004374716e+01  3.251208427746190210e+01  3.475138581115097480e+01  4.735834289556909482e+01
178 3205 5.542015e-01 9.972108e+02  3.239218450004374716e+01  3.247144996076075785e+01  3.299061737691748419e+01  3.966134549797737918e+01
179 3223 5.529077e-01 1.027910e+03  3.239218450004374716e+01  3.245715417331005881e+01  3.445047894006934541e+01  4.751213205310872922e+01
180 3241 5.428671e-01 1.060281e+03  3.239218450004374716e+01  3.257396482518973357e+01  3.430178248366824789e+01  5.176271849830050797e+01
181 3259 5.441376e-01 1.078272e+03  3.239218450004374716e+01  3.245133754179703800e+01  3.439092889104704653e+01  5.228463011453598597e+01
182 3277 5.422255e-01 1.095308e+03  3.239218450004374716e+01  3.242007385441599610e+01  3.348766072952107464e+01  3.930952014746249290e+01
183 3295 5.268450e-01 1.134167e+03  3.239218450004374716e+01  3.253849998568534119e+01  3.381833398353958131e+01  4.365787126161409759e+01
184 3313 5.201828e-01 1.212033e+03  3.239218450004374716e+01  3.245606802472426722e+01  3.335843532616627272e+01  3.907953026301638744e+01
185 3331 5.255616e-01 1.280719e+03  3.239218450004374716e+01  3.249315356578248526e+01  3.373389701993173162e+01  3.873337031813695575e+01
186 3349 5.297285e-01 1.294409e+03  3.239218450004374716e+01  3.240303426336308945e+01  3.359569519437020801e+01  3.794055793683710220e+01
187 3367 5.330195e-01 1.348997e+03  3.239218450004374716e+01  3.264583245076294560e+01  3.528402356725690225e+01  4.569749007136819330e+01
188 3385 5.296139e-01 1.386098e+03  3.239218450004374716e+01  3.244374295042889855e+01  3.353269546049423866e+01  3.895381581209964139e+01
189 3403 5.113835e-01 1.420198e+03  3.239218450004374716e+01  3.253672788807876515e+01  3.301948455285049278e+01  3.549738948780776582e+01
190 3421 4.957189e-01 1.477356e+03  3.239218450004374716e+01  3.240986501933817010e+01  3.338364671675530815e+01  4.037206611722021421e+01
191 3439 4.856196e-01 1.457141e+03  3.239218450004374716e+01  3.242953258051213083e+01  3.276352007599830785e+01  3.658368183044039768e+01
192 3457 4.787277e-01 1.528802e+03  3.239218450004374716e+01  3.253168877443417273e+01  3.346256547843704254e+01  4.004881650453443598e+01
193 3475 4.649221e-01 1.617037e+03  3.239218450004374716e+01  3.250759539437704149e+01  3.318134794360335604e+01  3.440785681457625600e+01
194 3493 4.514949e-01 1.652354e+03  3.239218450004374716e+01  3.241396217417146630e+01  3.323786524442179058e+01  3.654713109592503173e+01
195 3511 4.418753e-01 1.647940e+03  3.239218450004374716e+01  3.244539411846068333e+01  3.342722069855739164e+01  3.671961486061014313e+01
196 3529 4.173570e-01 1.636615e+03  3.239218450004374716e+01  3.243474615390872628e+01  3.274573130566201229e+01  3.598946493381408374e+01
197 3547 4.026524e-01 1.587070e+03  3.239218450004374716e+01  3.251647994654322815e+01  3.292523290842938621e+01  3.491511806854999378e+01
198 3565 3.931652e-01 1.643074e+03  3.239218450004374716e+01  3.243283078397175245e+01  3.278042180301267194e+01  3.999912567152046705e+01
199 3583 3.886239e-01 1.730848e+03  3.239218450004374716e+01  3.241362644344032873e+01  3.259386887347984896e+01  3.482249912890548416e+01
200 3601 3.805438e-01 1.774478e+03  3.239218450004374716e+01  3.242107336407156026e+01  3.255036460454677893e+01  3.448784646492306649e+01
201 3619 3.678890e-01 1.913731e+03  3.239218450004374716e+01  3.241950843757162914e+01  3.289943105451309435e+01  3.578984218317788191e+01
202 3637 3.484447e-01 1.996172e+03  3.239218450004374716e+01  3.242170367139075893e+01  3.287255183586005813e+01  3.405512474994568350e+01
203 3655 3.375840e-01 2.110381e+03  3.239218450004374716e+01  3.241157592949380728e+01  3.262706172134696203e+01  3.347913323198569913e+01
204 3673 3.445460e-01 2.272161e+03  3.239218450004374716e+01  3.240592420328118095e+01  3.252875192014120387e+01  3.379447046418939493e+01
205 3691 3.507614e-01 2.300977e+03  3.239218450004374716e+01  3.241834812666262877e+01  3.252452359402191462e+01  3.314596280317693555e+01
206 3709 3.540074e-01 2.343337e+03  3.239218450004374716e+01  3.240869514940318652e+01  3.250547578802846260e+01  3.300790110621923645e+01
207 3727 3.545254e-01 2.373184e+03  3.239218450004374716e+01  3.240011794425792147e+01  3.255146576099070188e+01  3.356295130369792901e+01
208 3745 3.786642e-01 2.494169e+03  3.239218450004374716e+01  3.239883771645043709e+01  3.251382929125252019e+01  3.356529294257538965e+01
209 3763 3.858051e-01 2.587562e+03  3.239218450004374716e+01  3.240555752246357457e+01  3.266981955504540025e+01  3.379033088664073858e+01
210 3781 3.851161e-01 2.620292e+03  3.239218450004374716e+01  3.241368580907627006e+01  3.249057933591129199e+01  3.340915240884833537e+01
211 3799 3.764206e-01 2.666753e+03  3.239218450004374716e+01  3.240007103691709034e+01  3.255393377249995979e+01  3.357219285235677830e+01
212 3817 3.789237e-01 2.818893e+03  3.239218450004374716e+01  3.239752944975909088e+01  3.255068380528470584e+01  3.329722554136351675e+01
213 3835 3.676392e-01 2.920105e+03  3.239218450004374716e+01  3.239989687786772521e+01  3.254555054117285806e+01  3.332962439887189277e+01
214 3853 3.573966e-01 2.920962e+03  3.239218450004374716e+01  3.240807382285881744e+01  3.247928258358842157e+01  3.284591601830312158e+01
215 3871 3.528638e-01 2.975418e+03  3.239218450004374716e+01  3.241780047387978669e+01  3.254974210272106916e+01  3.446226640499131832e+01
216 3889 3.538161e-01 3.113515e+03  3.239218450004374716e+01  3.240398198577621969e+01  3.249752432453354345e+01  3.284943874818959131e+01
217 3907 3.526606e-01 3.377978e+03  3.239218450004374716e+01  3.239999023082946650e+01  3.253062572154804855e+01  3.286202206933219827e+01
218 3925 3.561677e-01 4.000605e+03  3.239218450004374716e+01  3.239280663884419198e+01  3.251824665861570907e+01  3.268917093453872269e+01
219 3943 3.456022e-01 4.248135e+03  3.239218450004374716e+01  3.239414036734103064e+01  3.248782758002167270e+01  3.333532228985265533e+01
220 3961 3.389722e-01 4.611190e+03  3.239218450004374716e+01  3.240393536024927101e+01  3.244986933763608761e+01  3.292366444434211559e+01
221 3979 3.424433e-01 4.835695e+03  3.239218450004374716e+01  3.240498018603957320e+01  3.248359063279342962e+01  3.300290292355852273e+01
222 3997 3.342148e-01 5.069677e+03  3.239218450004374716e+01  3.240059905136143925e+01  3.246215111129189523e+01  3.260769067131032273e+01
223 4015 3.259249e-01 4.982317e+03  3.239218450004374716e+01  3.239950024339483292e+01  3.245178440201735981e+01  3.267102715106116761e+01
224 4033 3.173562e-01 5.305590e+03  3.239218450004374716e+01  3.240106422997844504e+01  3.243471988587764088e+01  3.319308810609066995e+01
225 4051 3.082656e-01 5.616590e+03  3.239218450004374716e+01  3.240239771312520389e+01  3.246277765959068518e+01  3.269681051295197705e+01
226 4069 2.958993e-01 5.842564e+03  3.239218450004374716e+01  3.239926521648209246e+01  3.242142064030160498e+01  3.274787747695785356e+01
227 4087 2.866334e-01 5.614562e+03  3.239218450004374716e+01  3.239833793264883610e+01  3.242213229383361295e+01  3.256931252986103686e+01
228 4105 2.725924e-01 5.551978e+03  3.239156939125638246e+01  3.239156939125638246e+01  3.244384082455826501e+01  3.277560913950775046e+01
229 4123 2.626449e-01 5.586689e+03  3.239156939125638246e+01  3.239824106137056958e+01  3.242898603639009281e+01  3.260135935556446185e+01
230 4141 2.590273e-01 5.407829e+03  3.239156939125638246e+01  3.240216663780858397e+01  3.242373340992081410e+01  3.255377561111957618e+01
231 4159 2.554062e-01 5.464671e+03  3.239156939125638246e+01  3.240141480717104372e+01  3.242477295069726040e+01  3.262751836872018174e+01
232 4177 2.524212e-01 5.578098e+03  3.239156939125638246e+01  3.239355803726911631e+01  3.242599934836771070e+01  3.260172175300453290e+01
233 4195 2.553755e-01 5.806052e+03  3.239156939125638246e+01  3.239308040105226638e+01  3.241967130834727584e+01  3.260937020921014806e+01
234 4213 2.521067e-01 6.151957e+03  3.239156939125638246e+01  3.239564497279174304e+01  3.241799165805690564e+01  3.251797198632465324e+01
235 4231 2.531573e-01 6.440838e+03  3.239156939125638246e+01  3.239626444357698887e+01  3.242056929755932515e+01  3.247729097284815225e+01
236 4249 2.504842e-01 6.472064e+03  3.239125325339904293e+01  3.239125325339904293e+01  3.241022587495707796e+01  3.248544279344490349e+01
237 4267 2.488497e-01 6.360916e+03  3.239082721430973066e+01  3.239082721430973066e+01  3.240960648851230275e+01  3.264540729090234805e+01
238 4285 2.539318e-01 6.852638e+03  3.239082721430973066e+01  3.239532314052004836e+01  3.241543366922081049e+01  3.253482828598867371e+01
239 4303 2.535101e-01 6.665971e+03  3.239082721430973066e+01  3.239457723766462038e+01  3.241874960908206305e+01  3.253724026325021867e+01
240 4321 2.544591e-01 6.644227e+03  3.239082721430973066e+01  3.239413251971281937e+01  3.241731278726491894e+01  3.249412470828642796e+01
241 4339 2.563742e-01 6.751319e+03  3.239082721430973066e+01  3.239623340640984850e+01  3.240833935865568094e+01  3.251658286993825442e+01
242 4357 2.616406e-01 6.912311e+03  3.239082721430973066e+01  3.239502766609216877e+01  3.240853275594084693e+01  3.246585606610287300e+01
243 4375 2.594205e-01 7.113798e+03  3.238990916832046452e+01  3.238990916832046452e+01  3.240326396400084263e+01  3.245936412514031133e+01
244 4393 2.631371e-01 7.425086e+03  3.238990916832046452e+01  3.239460026643599377e+01  3.240419509059005065e+01  3.250303293726963716e+01
245 4411 2.645284e-01 7.872299e+03  3.238990916832046452e+01  3.239457296713929679e+01  3.240836268033490342e+01  3.253103922808348614e+01
246 4429 2.626830e-01 7.901381e+03  3.238990916832046452e+01  3.239313863146563932e+01  3.240355052488136778e+01  3.251403231523283921e+01
247 4447 2.620807e-01 7.740415e+03  3.238990916832046452e+01  3.239092583154368299e+01  3.240018910781095940e+01  3.245512544253990228e+01
248 4465 2.707057e-01 7.787452e+03  3.238990916832046452e+01  3.239146773125473544e+01  3.240336592505119029e+01  3.252341164188083411e+01
249 4483 2.808217e-01 8.087693e+03  3.238990916832046452e+01  3.239462919490001269e+01  3.240627102062831710e+01  3.247504943024143387e+01
250 4501 2.879217e-01 8.223961e+03  3.238990916832046452e+01  3.239397069817822228e+01  3.240635998493094405e+01  3.249653092976954838e+01
251 4519 2.856601e-01 8.346868e+03  3.238990916832046452e+01  3.239489895031854871e+01  3.240042328447731279e+01  3.244996840327313947e+01
252 4537 2.856309e-01 8.524921e+03  3.238990916832046452e+01  3.239419095009591842e+01  3.240983645286773651e+01  3.246808114914516352e+01
253 4555 2.812083e-01 8.642429e+03  3.238962425359160591e+01  3.238962425359160591e+01  3.240000876364973692e+01  3.243066053175930108e+01
254 4573 2.821716e-01 8.825982e+03  3.238962425359160591e+01  3.239129943834598890e+01  3.240218991316605468e+01  3.241932041446847279e+01
255 4591 2.713803e-01 9.016804e+03  3.238817340372028752e+01  3.238817340372028752e+01  3.240605214530040712e+01  3.245234868723431987e+01
256 4609 2.596661e-01 8.872659e+03  3.238817340372028752e+01  3.239308859485014835e+01  3.240004490203085652e+01  3.246053354452725159e+01
257 4627 2.575138e-01 8.837735e+03  3.238817340372028752e+01  3.238876436374089707e+01  3.240014415162958272e+01  3.243208005819293049e+01
258 4645 2.599107e-01 8.848791e+03  3.238817340372028752e+01  3.239426070322428330e+01  3.240132780945259583e+01  3.243736354436798308e+01
259 4663 2.599947e-01 9.110235e+03  3.238817340372028752e+01  3.238942358386018583e+01  3.239882001477916873e+01  3.241947296782464605e+01
260 4681 2.551089e-01 9.266224e+03  3.238817340372028752e+01  3.239333501086483125e+01  3.239732223980240633e+01  3.244229027116764286e+01
261 4699 2.500680e-01 9.709073e+03  3.238817340372028752e+01  3.239128671368108314e+01  3.239723765412937695e+01  3.241245236382449946e+01
262 4717 2.420929e-01 1.035160e+04  3.238817340372028752e+01  3.239136370402038523e+01  3.239719751751766808e+01  3.245796416759905867e+01
263 4735 2.353300e-01 1.122216e+04  3.238717822402714575e+01  3.238717822402714575e+01  3.239910887381802240e+01  3.242905262373599840e+01
264 4753 2.350529e-01 1.300393e+04  3.238717822402714575e+01  3.239000716427320015e+01  3.239640100562299097e+01  3.242399231087485845e+01
265 4771 2.295740e-01 1.365755e+04  3.238717822402714575e+01  3.239223100599096483e+01  3.239865212767256253e+01  3.242630730176026077e+01
266 4789 2.236953e-01 1.451697e+04  3.238717822402714575e+01  3.238795241943579128e+01  3.239505567464814817e+01  3.240122635196775036e+01
267 4807 2.168050e-01 1.562100e+04  3.238717822402714575e+01  3.239031094985475079e+01  3.239659530911867336e+01  3.245207936144244343e+01
268 4825 2.052837e-01 1.563699e+04  3.238717822402714575e+01  3.238808091515267051e+01  3.239620025721821150e+01  3.242401524616109754e+01
269 4843 2.018546e-01 1.562883e+04  3.238717822402714575e+01  3.239280893635817904e+01  3.239591372365796218e+01  3.240796579389923693e+01
270 4861 2.032851e-01 1.597233e+04  3.238717822402714575e+01  3.239186741353683630e+01  3.239492977187615708e+01  3.240756250076277212e+01
271 4879 2.006684e-01 1.630747e+04  3.238717822402714575e+01  3.238913186959370449e+01  3.239513231534643012e+01  3.240528807123060062e+01
272 4897 1.988444e-01 1.652961e+04  3.238717822402714575e+01  3.238776596774501826e+01  3.239697204867022151e+01  3.242432517720008178e+01
273 4915 1.953950e-01 1.679539e+04  3.238657302621314216e+01  3.238657302621314216e+01  3.239484245871946655e+01  3.240420936709061550e+01
274 4933 1.903526e-01 1.829738e+04  3.238657302621314216e+01  3.238676529211410582e+01  3.239451288580050914e+01  3.240574762939289144e+01
275 4951 1.856988e-01 1.875024e+04  3.238657302621314216e+01  3.238788379992993072e+01  3.239382136916252364e+01  3.239839719146245756e+01
276 4969 1.794755e-01 1.878447e+04  3.238657302621314216e+01  3.238980442537319249e+01  3.239510266467748778e+01  3.239821054659809363e+01
277 4987 1.755742e-01 1.950800e+04  3.238657302621314216e+01  3.239014281591120437e+01  3.239473198937986353e+01  3.240072679806473843e+01
278 5005 1.749677e-01 1.928913e+04  3.238657302621314216e+01  3.238707622282522891e+01  3.239415515554534863e+01  3.240002465201390436e+01
279 5023 1.740205e-01 2.038436e+04  3.238657302621314216e+01  3.238729925916057795e+01  3.239339021363913673e+01  3.239724000575387919e+01
280 5041 1.726052e-01 2.141905e+04  3.238657302621314216e+01  3.238865306564463253e+01  3.239503080446295513e+01  3.240174625554975307e+01
281 5059 1.705861e-01 2.163356e+04  3.238657302621314216e+01  3.239067648161093160e+01  3.239436794777036965e+01  3.239860873577428890e+01
282 5077 1.759680e-01 2.168171e+04  3.238657302621314216e+01  3.238894584979578184e+01  3.239593418384637147e+01  3.240362866714833245e+01
283 5095 1.735512e-01 2.240271e+04  3.238657302621314216e+01  3.238759168959531820e+01  3.239406233672882962e+01  3.240176579300141668e+01
284 5113 1.706072e-01 2.276110e+04  3.238657302621314216e+01  3.238911217332231729e+01  3.239413439281494789e+01  3.239931460636391591e+01
285 5131 1.638042e-01 2.346882e+04  3.238657302621314216e+01  3.239024234976302097e+01  3.239513140624717380e+01  3.239935146920979037e+01
286 5149 1.587700e-01 2.332729e+04  3.238657302621314216e+01  3.238714877544510529e+01  3.239424582647767181e+01  3.240546838870203317e+01
287 5167 1.596781e-01 2.467301e+04  3.238614362090336130e+01  3.238614362090336130e+01  3.239440423772022370e+01  3.240279878883035991e+01
288 5185 1.543983e-01 2.711634e+04  3.238614362090336130e+01  3.238701515347277393e+01  3.239372982075582286e+01  3.240224268062822688e+01
289 5203 1.500534e-01 2.800805e+04  3.238614362090336130e+01  3.238693461680875885e+01  3.239465827711918422e+01  3.240106664373043088e+01
290 5221 1.497512e-01 2.869161e+04  3.238614362090336130e+01  3.238665530321134156e+01  3.239328604207979367e+01  3.239716007075913495e+01
291 5239 1.510320e-01 2.846109e+04  3.238614362090336130e+01  3.238700294741796171e+01  3.239230867474076092e+01  3.239389191365354748e+01
292 5257 1.567060e-01 2.984658e+04  3.238614362090336130e+01  3.239135911435543846e+01  3.239321600053582983e+01  3.239700011545899372e+01
293 5275 1.598628e-01 3.013141e+04  3.238604944146701570e+01  3.238604944146701570e+01  3.239271273597971401e+01  3.239578533955650386e+01
294 5293 1.632048e-01 3.058613e+04  3.238604944146701570e+01  3.238841470460809546e+01  3.239409220727523575e+01  3.239959866907113906e+01
295 5311 1.657035e-01 3.040520e+04  3.238604944146701570e+01  3.238613665726526847e+01  3.239328491299733059e+01  3.239827902807513738e+01
296 5329 1.671096e-01 3.013111e+04  3.238523432177769479e+01  3.238523432177769479e+01  3.239245983754437930e+01  3.239655529322827476e+01
297 5347 1.738028e-01 3.239272e+04  3.238523432177769479e+01  3.238697572609017783e+01  3.239270385773846073e+01  3.240051960999409175e+01
298 5365 1.798911e-01 3.207176e+04  3.238523432177769479e+01  3.238553480326859813e+01  3.239235865857438057e+01  3.239426423028711355e+01
299 5383 1.806628e-01 3.152994e+04  3.238523432177769479e+01  3.239129550351247389e+01  3.239258440242036841e+01  3.239418918925281332e+01
300 5401 1.873839e-01 3.201828e+04  3.238523432177769479e+01  3.238766625683238232e+01  3.239305416856421971e+01  3.239743516216703512e+01
301 5419 1.932901e-01 3.235909e+04  3.238501230845107415e+01  3.238501230845107415e+01  3.239202524640165848e+01  3.240343973511297548e+01
302 5437 1.966921e-01 3.310279e+04  3.238501230845107415e+01  3.238626086234003054e+01  3.239242858756566079e+01  3.239625005234649535e+01
303 5455 1.941049e-01 3.343915e+04  3.238501230845107415e+01  3.238513658905969095e+01  3.239223939619704140e+01  3.239444192585706617e+01
304 5473 1.848830e-01 3.392569e+04  3.238501230845107415e+01  3.238534189572752098e+01  3.239268740649993816e+01  3.239738677212866946e+01
305 5491 1.815017e-01 3.373121e+04  3.238501230845107415e+01  3.238586813392974051e+01  3.239242340109591112e+01  3.240044932673490763e+01
306 5509 1.769571e-01 3.261827e+04  3.238501230845107415e+01  3.238863005218036051e+01  3.239229067051670086e+01  3.239775227904278410e+01
307 5527 1.747397e-01 3.214004e+04  3.238501230845107415e+01  3.238601935579031021e+01  3.239230028590860400e+01  3.240257606636834709e+01
308 5545 1.730933e-01 3.256047e+04  3.238501230845107415e+01  3.238589796980820523e+01  3.239316641044365497e+01  3.239566176543049636e+01
309 5563 1.784246e-01 3.118646e+04  3.238501230845107415e+01  3.238585147693027722e+01  3.239319890140430402e+01  3.239710192793354082e+01
310 5581 1.814843e-01 3.050950e+04  3.238501230845107415e+01  3.238566202826088869e+01  3.239310718405253908e+01  3.239663461440932934e+01
311 5599 1.897413e-01 3.053920e+04  3.238501230845107415e+01  3.238942105435290841e+01  3.239380488264903590e+01  3.240067699062615958e+01
312 5617 1.976403e-01 3.092175e+04  3.238501230845107415e+01  3.238583707987047688e+01  3.239349466166852665e+01  3.240243881653643143e+01
313 5635 2.027482e-01 3.094696e+04  3.238501230845107415e+01  3.238618185102203739e+01  3.239275688781428642e+01  3.239694574690521733e+01
314 5653 1.987313e-01 3.152880e+04  3.238501230845107415e+01  3.238509637081865122e+01  3.239336579609548039e+01  3.240068082435240626e+01
315 5671 1.980594e-01 3.063915e+04  3.238501230845107415e+01  3.238621993717779901e+01  3.239320419102275395e+01  3.239607391668428704e+01
316 5689 1.940644e-01 3.310729e+04  3.238501230845107415e+01  3.238535967433956841e+01  3.239273502885329492e+01  3.239392703699488862e+01
317 5707 1.884754e-01 3.314758e+04  3.238501230845107415e+01  3.238580645302567262e+01  3.239261711666119936e+01  3.239676903819542275e+01
318 5725 1.835475e-01 3.267295e+04  3.238501230845107415e+01  3.238676859405754982e+01  3.239219700790177114e+01  3.239473746693760603e+01
319 5743 1.761077e-01 3.219439e+04  3.238501230845107415e+01  3.238765346178322346e+01  3.239279485319019614e+01  3.239576663315812510e+01
320 5761 1.713880e-01 3.286188e+04  3.238501230845107415e+01  3.238511272824423770e+01  3.239274420272742105e+01  3.239847619290443959e+01
321 5779 1.652853e-01 3.447256e+04  3.238501230845107415e+01  3.238552479688512165e+01  3.239230002951647691e+01  3.239402461719590320e+01
322 5797 1.600761e-01 3.407633e+04  3.238501230845107415e+01  3.238564260178092269e+01  3.239207095185619778e+01  3.239403926706800263e+01
323 5815 1.587504e-01 3.329746e+04  3.238501230845107415e+01  3.238520001920268498e+01  3.239242714831348735e+01  3.239494330015554624e+01
324 5833 1.578518e-01 3.254775e+04  3.238501230845107415e+01  3.238595281317374486e+01  3.239232135321088180e+01  3.239514089410567266e+01
325 5851 1.606018e-01 3.307962e+04  3.238501230845107415e+01  3.238591132319184140e+01  3.239227048949182830e+01  3.239456384804203992e+01
326 5869 1.603816e-01 3.565870e+04  3.238501230845107415e+01  3.238619826539814284e+01  3.239315688450355424e+01  3.239434529852593414e+01
327 5887 1.622571e-01 3.620977e+04  3.238501230845107415e+01  3.238593153423229865e+01  3.239242366075993118e+01  3.239441152146047642e+01
328 5905 1.626418e-01 3.569437e+04  3.238501230845107415e+01  3.238582595616956183e+01  3.239233113347793136e+01  3.239821423252615773e+01
329 5923 1.635378e-01 3.532879e+04  3.238501230845107415e+01  3.238660214110487345e+01  3.239257992601631742e+01  3.239469175195281281e+01
330 5941 1.659444e-01 3.213183e+04  3.238501230845107415e+01  3.238582413376060032e+01  3.239274862670278310e+01  3.239559997538928116e+01
331 5959 1.639661e-01 3.308735e+04  3.238501230845107415e+01  3.238644190972718917e+01  3.239251144381474035e+01  3.239466158111547145e+01
332 5977 1.644536e-01 3.202786e+04  3.238501230845107415e+01  3.238884028165970363e+01  3.239259824382761366e+01  3.239458675289156275e+01
333 5995 1.699758e-01 3.125965e+04  3.238501230845107415e+01  3.238577769551807961e+01  3.239144416040738861e+01  3.239403001937306925e+01
334 6013 1.726346e-01 3.449655e+04  3.238501230845107415e+01  3.238586723538902845e+01  3.239244355220552762e+01  3.239550237064785421e+01
335 6031 1.730763e-01 3.499328e+04  3.238501230845107415e+01  3.238538561900113422e+01  3.239210028711484313e+01  3.239400940983068011e+01
336 6049 1.756660e-01 3.778049e+04  3.238490293560381161e+01  3.238490293560381161e+01  3.239155790923072686e+01  3.239572710609407835e+01
337 6067 1.719862e-01 3.754540e+04  3.238490293560381161e+01  3.238575978868321670e+01  3.239189067966754720e+01  3.239472734641221763e+01
338 6085 1.698584e-01 3.984520e+04  3.238490293560381161e+01  3.238627982021963447e+01  3.239261445759331792e+01  3.239705179088380049e+01
339 6103 1.703943e-01 3.972622e+04  3.238490293560381161e+01  3.239094971765011621e+01  3.239321954107205670e+01  3.239761880303804986e+01
340 6121 1.694159e-01 3.955832e+04  3.238490293560381161e+01  3.238697885424589629e+01  3.239199792947732703e+01  3.239465224934028953e+01
341 6139 1.627440e-01 3.943548e+04  3.238490293560381161e+01  3.238566060613310071e+01  3.239219725503977543e+01  3.239582505152486647e+01
342 6157 1.567541e-01 4.043928e+04  3.238490293560381161e+01  3.238638485597873284e+01  3.239207852136414090e+01  3.239382507078781970e+01
343 6175 1.549355e-01 3.961916e+04  3.238490293560381161e+01  3.238644147506968807e+01  3.239271406959284150e+01  3.239431561868994436e+01
344 6193 1.550279e-01 3.870018e+04  3.238490293560381161e+01  3.239059803905438883e+01  3.239252784324942525e+01  3.239381288992451857e+01
345 6211 1.565857e-01 3.989124e+04  3.238490293560381161e+01  3.238663014694171238e+01  3.239269931212972153e+01  3.239483822954970549e+01
346 6229 1.578268e-01 3.832967e+04  3.238490293560381161e+01  3.238602121216906937e+01  3.239258516040144542e+01  3.239439229370053397e+01
347 6247 1.563679e-01 3.782475e+04  3.238490293560381161e+01  3.238553950258366854e+01  3.239206579804772446e+01  3.239378328387251571e+01
348 6265 1.575447e-01 3.898742e+04  3.238490293560381161e+01  3.238519672081481815e+01  3.239305459269602494e+01  3.239683849163297680e+01
349 6283 1.551357e-01 3.805178e+04  3.238490293560381161e+01  3.238606637666052990e+01  3.239234999340658305e+01  3.239463169992679781e+01
350 6301 1.586409e-01 3.822147e+04  3.238490293560381161e+01  3.238568534432159396e+01  3.239235664755344146e+01  3.239551851944010963e+01
351 6319 1.573838e-01 3.806888e+04  3.238490293560381161e+01  3.238525268972362881e+01  3.239201109658922917e+01  3.239509252200533496e+01
352 6337 1.573623e-01 3.864507e+04  3.238490293560381161e+01  3.238579827546681855e+01  3.239238278399956528e+01  3.239409651963072889e+01
353 6355 1.548546e-01 3.770028e+04  3.238490293560381161e+01  3.238707190748587550e+01  3.239265568509620152e+01  3.239447270880594232e+01
354 6373 1.528035e-01 3.450845e+04  3.238490293560381161e+01  3.238618659628105689e+01  3.239213221932129727e+01  3.239418350372372402e+01
355 6391 1.527391e-01 3.483134e+04  3.238490293560381161e+01  3.238619746844876346e+01  3.239247888504029760e+01  3.239533007566110712e+01
356 6409 1.534911e-01 3.206429e+04  3.238490293560381161e+01  3.238550965764618184e+01  3.239178282852468271e+01  3.239320428040834798e+01
357 6427 1.514478e-01 3.104488e+04  3.238490293560381161e+01  3.238584427817042410e+01  3.239193656535711341e+01  3.239413840513137188e+01
358 6445 1.497196e-01 3.060618e+04  3.238490293560381161e+01  3.238610449238314004e+01  3.239231951514766195e+01  3.239937984689011330e+01
359 6463 1.511954e-01 3.222548e+04  3.238490293560381161e+01  3.239074161758976800e+01  3.239224123315652548e+01  3.239421264782465926e+01
360 6481 1.527511e-01 3.271595e+04  3.238490293560381161e+01  3.238533281242253281e+01  3.239277784993766574e+01  3.239465572691783279e+01
361 6499 1.557934e-01 3.324229e+04  3.238490293560381161e+01  3.238562117850064936e+01  3.239226275072235239e+01  3.239476025133075154e+01
362 6517 1.502520e-01 3.260858e+04  3.238490293560381161e+01  3.238599045607042370e+01  3.239240482174587044e+01  3.239387825560296363e+01
363 6535 1.471851e-01 3.214855e+04  3.238490293560381161e+01  3.238732499181163149e+01  3.239215969217988800e+01  3.239438342260050518e+01
364 6553 1.456887e-01 3.272922e+04  3.238490293560381161e+01  3.238577102596502755e+01  3.239193923878289638e+01  3.239480258497487597e+01
365 6571 1.472155e-01 3.476041e+04  3.238490293560381161e+01  3.238649109668354953e+01  3.239248726322686878e+01  3.239417825601216805e+01
366 6589 1.431142e-01 3.507020e+04  3.238490293560381161e+01  3.238640617353948414e+01  3.239200819171366419e+01  3.239391368442058905e+01
367 6607 1.384923e-01 3.474527e+04  3.238490293560381161e+01  3.238831954693870330e+01  3.239289407272558208e+01  3.239544143675997390e+01
368 6625 1.405470e-01 3.505586e+04  3.238490293560381161e+01  3.238779941183243238e+01  3.239281402110457009e+01  3.239426619560375542e+01
369 6643 1.394187e-01 3.456241e+04  3.238490293560381161e+01  3.238659650725496419e+01  3.239277005433429224e+01  3.239367334663986497e+01
370 6661 1.405379e-01 3.272202e+04  3.238490293560381161e+01  3.238702979320505193e+01  3.239239735187624092e+01  3.239400058500211088e+01
371 6679 1.350295e-01 3.165783e+04  3.238490293560381161e+01  3.238535421317862273e+01  3.239256523014510947e+01  3.239436258298071891e+01
372 6697 1.325667e-01 2.895727e+04  3.238490293560381161e+01  3.238592358814992878e+01  3.239308034167133599e+01  3.239479801469946096e+01
373 6715 1.286396e-01 2.974367e+04  3.238490293560381161e+01  3.238572292400230168e+01  3.239282975308738344e+01  3.239521466166679886e+01
374 6733 1.245231e-01 2.976933e+04  3.238490293560381161e+01  3.238854824208353733e+01  3.239337519925901177e+01  3.239459753777695994e+01
375 6751 1.227461e-01 2.948140e+04  3.238490293560381161e+01  3.238557955192578675e+01  3.239267902051865633e+01  3.239434609857281089e+01
376 6769 1.217271e-01 2.894985e+04  3.238490293560381161e+01  3.238813067681454783e+01  3.239300886008857105e+01  3.239469230049440540e+01
377 6787 1.221506e-01 2.896818e+04  3.238490293560381161e+01  3.238642780150891554e+01  3.239288176693754906e+01  3.239403803227398271e+01
378 6805 1.237383e-01 2.812760e+04  3.238490293560381161e+01  3.238541148892606003e+01  3.239245156164081152e+01  3.239394596843156648e+01
379 6823 1.264751e-01 2.750598e+04  3.238490293560381161e+01  3.238589631636357069e+01  3.239206858751684592e+01  3.239424715483047379e+01
380 6841 1.277140e-01 2.717558e+04  3.238490293560381161e+01  3.238549203926459796e+01  3.239266691537297049e+01  3.239379996543041784e+01
381 6859 1.311450e-01 2.777253e+04  3.238488436033124884e+01  3.238488436033124884e+01  3.239179793052253586e+01  3.239423885950841964e+01
382 6877 1.361859e-01 2.885348e+04  3.238488436033124884e+01  3.238707983748004438e+01  3.239178653950138198e+01  3.239286237947579394e+01
383 6895 1.404214e-01 3.106632e+04  3.238488436033124884e+01  3.238595491365487788e+01  3.239175482114070803e+01  3.239455299956180312e+01
384 6913 1.428163e-01 3.151500e+04  3.238468875323285090e+01  3.238468875323285090e+01  3.239196754894877017e+01  3.239355770415310332e+01
385 6931 1.449908e-01 3.223490e+04  3.238468875323285090e+01  3.238562369223544124e+01  3.239187692966832799e+01  3.239415000418338053e+01
386 6949 1.404120e-01 3.402956e+04  3.238468875323285090e+01  3.238482683871543344e+01  3.239190879523968647e+01  3.239368221651859869e+01
387 6967 1.373428e-01 3.362331e+04  3.238468875323285090e+01  3.238552477304427413e+01  3.239200388796272989e+01  3.239373903207347638e+01
388 6985 1.370848e-01 3.345388e+04  3.238468875323285090e+01  3.238849987963920540e+01  3.239217201658457412e+01  3.239478707070244212e+01
389 7003 1.351691e-01 3.361356e+04  3.238468875323285090e+01  3.238598822323158544e+01  3.239251616120907329e+01  3.239377258572283580e+01
390 7021 1.333320e-01 3.504194e+04  3.238468875323285090e+01  3.238530558747351762e+01  3.239240142507584608e+01  3.239460985826062256e+01
391 7039 1.342835e-01 3.593349e+04  3.238468875323285090e+01  3.238616289326919429e+01  3.239225472744787737e+01  3.239367150363033687e+01
392 7057 1.383345e-01 3.993063e+04  3.238468875323285090e+01  3.238592413378982826e+01  3.239266216208189064e+01  3.239419366320014149e+01
393 7075 1.405301e-01 4.199137e+04  3.238468875323285090e+01  3.238611039252515411e+01  3.239250720881784673e+01  3.239480303728485211e+01
394 7093 1.384685e-01 4.367365e+04  3.238468875323285090e+01  3.238534268208761802e+01  3.239244296064377693e+01  3.239416637260001153e+01
395 7111 1.339209e-01 4.787262e+04  3.238468875323285090e+01  3.238512214201093542e+01  3.239260468678247662e+01  3.239458172943517411e+01
396 7129 1.301140e-01 4.892195e+04  3.238468875323285090e+01  3.238564821248937164e+01  3.239153960002190047e+01  3.239371541007501776e+01
397 7147 1.286635e-01 4.794099e+04  3.238468875323285090e+01  3.238513196662236737e+01  3.239136126208468625e+01  3.239322033736860362e+01
398 7165 1.263143e-01 4.820332e+04  3.238468875323285090e+01  3.238572863433839188e+01  3.239263847189543810e+01  3.239424999649182269e+01
399 7183 1.272824e-01 4.718854e+04  3.238468875323285090e+01  3.238586031659808384e+01  3.239130652289484402e+01  3.239434222793688889e+01
400 7201 1.267490e-01 4.688942e+04  3.238468875323285090e+01  3.238605563622358829e+01  3.239181560723916675e+01  3.239508279563568749e+01
401 7219 1.257933e-01 4.690781e+04  3.238468875323285090e+01  3.238536998352814322e+01  3.239165169685976053e+01  3.239401958702358542e+01
402 7237 1.196126e-01 4.776425e+04  3.238468875323285090e+01  3.238572963599138177e+01  3.239253935356616410e+01  3.239460497251621973e+01
403 7255 1.146030e-01 4.789908e+04  3.238468875323285090e+01  3.238538285840674291e+01  3.239212790237429118e+01  3.240077875528773177e+01
404 7273 1.115313e-01 4.752467e+04  3.238468875323285090e+01  3.238617481634899775e+01  3.239164576257930150e+01  3.239371440331426300e+01
405 7291 1.086171e-01 4.761012e+04  3.238468875323285090e+01  3.238574311817900764e+01  3.239173553741540701e+01  3.239374806878279145e+01
406 7309 1.059473e-01 4.769165e+04  3.238468875323285090e+01  3.238570829179708710e+01  3.239212272377287150e+01  3.239407739001390496e+01
407 7327 1.051203e-01 4.749111e+04  3.238468875323285090e+01  3.238582774651600005e+01  3.238980928901649747e+01  3.239310617047610918e+01
408 7345 1.047958e-01 4.596020e+04  3.238468875323285090e+01  3.238539388508360872e+01  3.239256910286430013e+01  3.239359560440769314e+01
409 7363 1.020925e-01 4.655209e+04  3.238468875323285090e+01  3.238561157973207827e+01  3.238979707977043176e+01  3.239328814503631548e+01
410 7381 9.948839e-02 4.750690e+04  3.238468875323285090e+01  3.238561916849644007e+01  3.239258422033658746e+01  3.239388718106715714e+01
411 7399 9.443412e-02 4.685645e+04  3.238468875323285090e+01  3.238583560014212992e+01  3.239232968619181463e+01  3.239364940262196058e+01
412 7417 9.198495e-02 4.745765e+04  3.238468875323285090e+01  3.238566407665341274e+01  3.239201270378204356e+01  3.239434817309644643e+01
413 7435 8.706870e-02 4.692324e+04  3.238468875323285090e+01  3.238557159242057537e+01  3.238995192646552823e+01  3.239352172913064720e+01
414 7453 8.324266e-02 4.676979e+04  3.238468875323285090e+01  3.238584846221117175e+01  3.239226343470797076e+01  3.239485754346380020e+01
415 7471 8.028027e-02 4.622797e+04  3.238468875323285090e+01  3.238568564622828205e+01  3.239212012156895071e+01  3.239372511243682595e+01
416 7489 8.026201e-02 4.651086e+04  3.238468875323285090e+01  3.238551235537334350e+01  3.239241035425715154e+01  3.239349347376597166e+01
417 7507 8.236367e-02 4.957326e+04  3.238468875323285090e+01  3.238557605886111901e+01  3.239271539307291903e+01  3.239414123007004065e+01
418 7525 8.360973e-02 4.884289e+04  3.238468875323285090e+01  3.238595784266513533e+01  3.239277080399138953e+01  3.239360281397826213e+01
419 7543 8.256630e-02 4.945190e+04  3.238468875323285090e+01  3.238595942606598044e+01  3.239203382061788972e+01  3.239420892962365883e+01
420 7561 8.279956e-02 5.112227e+04  3.238468875323285090e+01  3.238551705372739775e+01  3.239216888880991263e+01  3.239373770777924477e+01
421 7579 8.177757e-02 4.980352e+04  3.238468875323285090e+01  3.238572056296101209e+01  3.239239718302688686e+01  3.239384726054315422e+01
422 7597 7.937365e-02 4.831590e+04  3.238468875323285090e+01  3.238586696011532240e+01  3.239270834448215908e+01  3.239353740808809334e+01
423 7615 7.695470e-02 4.915428e+04  3.238468875323285090e+01  3.238593248155623172e+01  3.239205949644252769e+01  3.239435090030827524e+01
424 7633 7.547352e-02 4.772168e+04  3.238468875323285090e+01  3.238577722281721094e+01  3.239001368103765088e+01  3.239363306745256921e+01
425 7651 7.626525e-02 4.898996e+04  3.238468875323285090e+01  3.238535513961525680e+01  3.239124076075697189e+01  3.239394082369885552e+01
426 7669 7.866011e-02 4.833550e+04  3.238468875323285090e+01  3.238577794535524390e+01  3.239190921130029466e+01  3.239390195384735449e+01
427 7687 8.068282e-02 4.940275e+04  3.238468875323285090e+01  3.238553964547206476e+01  3.239264004852537226e+01  3.239488114764585447e+01
428 7705 8.157919e-02 5.182906e+04  3.238468875323285090e+01  3.238554564034597405e+01  3.239249333035891709e+01  3.239347515304352498e+01
429 7723 8.237865e-02 5.299481e+04  3.238468875323285090e+01  3.238544203216822837e+01  3.238985955806072781e+01  3.239380397982160531e+01
430 7741 8.386155e-02 5.349600e+04  3.238468875323285090e+01  3.238563414962941067e+01  3.239231913368504934e+01  3.239331709952146809e+01
431 7759 8.405820e-02 5.191688e+04  3.238468875323285090e+01  3.238620980189520537e+01  3.239232222417188467e+01  3.239414600883041118e+01
432 7777 8.415063e-02 5.119618e+04  3.238468875323285090e+01  3.238557989496965206e+01  3.238767407205811821e+01  3.239331153405862551e+01
433 7795 8.334672e-02 4.997628e+04  3.238468875323285090e+01  3.238561034370610514e+01  3.238900176394021457e+01  3.239971811011384517e+01
434 7813 8.278687e-02 5.079538e+04  3.238468875323285090e+01  3.238550102282484033e+01  3.238622264913810511e+01  3.239266247273553034e+01
435 7831 8.365205e-02 5.070752e+04  3.238468875323285090e+01  3.238564258068722523e+01  3.239209168895974500e+01  3.239355761958319135e+01
436 7849 8.592575e-02 5.166664e+04  3.238468875323285090e+01  3.238569464126599229e+01  3.238946203212943686e+01  3.239374960275971205e+01
437 7867 8.873002e-02 5.257732e+04  3.238468875323285090e+01  3.238620376839597981e+01  3.239214511532848917e+01  3.240104904722306145e+01
438 7885 9.278889e-02 5.442833e+04  3.238468875323285090e+01  3.238590667788310640e+01  3.239237691458335888e+01  3.239345158442177564e+01
439 7903 9.656913e-02 5.360100e+04  3.238468875323285090e+01  3.238532068784366658e+01  3.239245135655119867e+01  3.239332094976990106e+01
440 7921 9.642865e-02 5.317152e+04  3.238468875323285090e+01  3.238566066947837641e+01  3.238680842872176413e+01  3.239351925452422165e+01
441 7939 9.750893e-02 5.401705e+04  3.238468875323285090e+01  3.238549922398698300e+01  3.238756489766302593e+01  3.239425932323706547e+01
442 7957 9.751088e-02 5.336157e+04  3.238468875323285090e+01  3.238576301767526644e+01  3.239035621943108367e+01  3.239347041203074440e+01
443 7975 9.673653e-02 5.270085e+04  3.238468875323285090e+01  3.238545896449127071e+01  3.238925409230706975e+01  3.240084200561668126e+01
444 7993 9.575577e-02 5.534323e+04  3.238468875323285090e+01  3.238577882752147019e+01  3.238742822787361320e+01  3.240110535501965217e+01
445 8011 9.441977e-02 5.534932e+04  3.238468875323285090e+01  3.238572252356765802e+01  3.238673840879236820e+01  3.239366191746456280e+01
446 8029 9.358576e-02 5.289653e+04  3.238468875323285090e+01  3.238586740428627309e+01  3.239213464353469618e+01  3.239346334024119756e+01
447 8047 9.083168e-02 5.255628e+04  3.238468875323285090e+01  3.238553050632577168e+01  3.238794488288472451e+01  3.239335796835862169e+01
448 8065 9.012724e-02 5.396245e+04  3.238468875323285090e+01  3.238553014741486891e+01  3.238641816826952891e+01  3.239345778374439533e+01
449 8083 9.143932e-02 5.303215e+04  3.238468875323285090e+01  3.238565319618761151e+01  3.239196131154994873e+01  3.239416890199165522e+01
450 8101 9.214194e-02 5.600733e+04  3.238468875323285090e+01  3.238543271631979081e+01  3.238623322561078055e+01  3.239330091963463332e+01
451 8119 9.299406e-02 5.914080e+04  3.238468875323285090e+01  3.238571876650031101e+01  3.238939392989937005e+01  3.239338428219586064e+01
452 8137 9.245494e-02 6.157759e+04  3.238468875323285090e+01  3.238580456970083787e+01  3.239211902715850755e+01  3.240072258836098484e+01
453 8155 9.010041e-02 6.043396e+04  3.238468875323285090e+01  3.238550623185831512e+01  3.238652925674097105e+01  3.240069459681505748e+01
454 8173 8.775877e-02 5.725750e+04  3.238468875323285090e+01  3.238558323799995264e+01  3.238937771289340617e+01  3.239412222005198316e+01
455 8191 8.647138e-02 5.687089e+04  3.238468875323285090e+01  3.238549400732568273e+01  3.239210331901691120e+01  3.239951932628630260e+01
456 8209 8.499882e-02 6.245211e+04  3.238468875323285090e+01  3.238563314185506670e+01  3.238669545492506074e+01  3.240111632297364963e+01
457 8227 8.560332e-02 6.328654e+04  3.238468875323285090e+01  3.238541424410456671e+01  3.238642783921186918e+01  3.239299871194823766e+01
458 8245 8.564508e-02 6.613148e+04  3.238468875323285090e+01  3.238561533120586233e+01  3.238612693722078717e+01  3.239301804723758238e+01
459 8263 8.568592e-02 7.010571e+04  3.238468875323285090e+01  3.238555769932457906e+01  3.238609134900782749e+01  3.239391934598629774e+01
460 8281 8.493227e-02 7.129297e+04  3.238468875323285090e+01  3.238560699458946601e+01  3.239187672268756302e+01  3.239369516861741971e+01
461 8299 8.264528e-02 7.654359e+04  3.238468875323285090e+01  3.238588418947164627e+01  3.238924220907849616e+01  3.239356164825318274e+01
462 8317 8.217524e-02 7.726637e+04  3.238468875323285090e+01  3.238538404469053233e+01  3.238640767774938922e+01  3.239381347083175200e+01
463 8335 8.088049e-02 8.110958e+04  3.238468875323285090e+01  3.238549882350430664e+01  3.238621872674389124e+01  3.239399735025313731e+01
464 8353 7.920799e-02 8.131400e+04  3.238468875323285090e+01  3.238558743112290017e+01  3.238628204854876458e+01  3.239372673766619926e+01
465 8371 7.542800e-02 8.424733e+04  3.238468875323285090e+01  3.238565611845390890e+01  3.238659024363843031e+01  3.239391714452533222e+01
466 8389 7.248751e-02 8.827715e+04  3.238468875323285090e+01  3.238550453363789217e+01  3.238647534987656229e+01  3.239390691769776964e+01
467 8407 7.165408e-02 8.898023e+04  3.238468875323285090e+01  3.238560403790652487e+01  3.238629823123924467e+01  3.239349028243950102e+01
468 8425 7.044937e-02 8.968744e+04  3.238468875323285090e+01  3.238547692196209482e+01  3.238637266924338576e+01  3.239407673809502342e+01
469 8443 6.885470e-02 8.895082e+04  3.238468875323285090e+01  3.238549481961358367e+01  3.238628601732723666e+01  3.239396669622848179e+01
470 8461 6.816497e-02 9.059971e+04  3.238468875323285090e+01  3.238559305798703747e+01  3.238627396231753153e+01  3.239385620844834079e+01
471 8479 6.640326e-02 9.271666e+04  3.238468875323285090e+01  3.238543656025471762e+01  3.238615150247809282e+01  3.239373018035930585e+01
472 8497 6.541918e-02 9.646385e+04  3.238468875323285090e+01  3.238545617877869631e+01  3.238628663599635615e+01  3.239364054486519251e+01
473 8515 6.390458e-02 1.010368e+05  3.238468875323285090e+01  3.238556905440879063e+01  3.238629935089468859e+01  3.238932484030404879e+01
474 8533 6.118988e-02 1.064312e+05  3.238468875323285090e+01  3.238561748903041604e+01  3.238647224023605986e+01  3.239358061665957678e+01
475 8551 5.807272e-02 1.078022e+05  3.238468875323285090e+01  3.238560526385023763e+01  3.238598310123352064e+01  3.239206062917617857e+01
476 8569 5.548250e-02 1.079694e+05  3.238468875323285090e+01  3.238556003542588257e+01  3.238612559756221287e+01  3.239376194900150807e+01
477 8587 5.392354e-02 1.094327e+05  3.238468875323285090e+01  3.238554258867520730e+01  3.238590599320656338e+01  3.238666898748710565e+01
478 8605 5.330169e-02 1.091406e+05  3.238468875323285090e+01  3.238550413125620508e+01  3.238603253182381536e+01  3.238663174123304600e+01
479 8623 5.282622e-02 1.095067e+05  3.238468875323285090e+01  3.238549248559423432e+01  3.238594770895666386e+01  3.239185981492300925e+01
480 8641 5.287975e-02 1.090618e+05  3.238468875323285090e+01  3.238562865119069301e+01  3.238616793950784256e+01  3.238682619330923984e+01
481 8659 5.195339e-02 1.070521e+05  3.238468875323285090e+01  3.238540415758931346e+01  3.238609134175467830e+01  3.239322085295521703e+01
482 8677 5.138665e-02 1.049165e+05  3.238468875323285090e+01  3.238553054705483447e+01  3.238602871059951838e+01  3.239192007120806238e+01
483 8695 5.143945e-02 1.031195e+05  3.238468875323285090e+01  3.238552832207270171e+01  3.238604599589925215e+01  3.239193887694357699e+01
484 8713 5.256970e-02 9.709284e+04  3.238468875323285090e+01  3.238566060840940253e+01  3.238600025100411273e+01  3.238671962096245238e+01
485 8731 5.260266e-02 9.882319e+04  3.238468875323285090e+01  3.238555454298574432e+01  3.238592477102159251e+01  3.238657774179426241e+01
486 8749 5.182924e-02 9.286439e+04  3.238468875323285090e+01  3.238548902535432461e+01  3.238628357502518895e+01  3.239354943691669320e+01
487 8767 5.078458e-02 9.223107e+04  3.238468875323285090e+01  3.238541994931687640e+01  3.238591416487430763e+01  3.239364982342831212e+01
488 8785 5.191652e-02 8.959887e+04  3.238468875323285090e+01  3.238539758779453592e+01  3.238592225335929697e+01  3.239427707200490403e+01
489 8803 5.335072e-02 9.168371e+04  3.238468875323285090e+01  3.238541701313499033e+01  3.238603208822985380e+01  3.239346471499101909e+01
490 8821 5.505054e-02 9.493325e+04  3.238468875323285090e+01  3.238549106112329667e+01  3.238624390317828983e+01  3.239364660965853204e+01
491 8839 5.601678e-02 1.020967e+05  3.238468875323285090e+01  3.238541094034710000e+01  3.238627197575878114e+01  3.239440413040897937e+01
492 8857 5.699211e-02 1.069711e+05  3.238468875323285090e+01  3.238542710203094543e+01  3.238596705773402107e+01  3.239305951556924867e+01
493 8875 5.987876e-02 1.150145e+05  3.238468875323285090e+01  3.238550019059248797e+01  3.238632065938843141e+01  3.239366111645261270e+01
494 8893 6.225562e-02 1.304534e+05  3.238468875323285090e+01  3.238556586072793664e+01  3.238644519891202123e+01  3.239366987910090501e+01
495 8911 6.413404e-02 1.373623e+05  3.238468875323285090e+01  3.238560109739997017e+01  3.238609978522660526e+01  3.239410765740669262e+01
496 8929 6.338146e-02 1.331596e+05  3.238468875323285090e+01  3.238544626808005233e+01  3.238606314674495934e+01  3.239437627189154512e+01
497 8947 6.298672e-02 1.449380e+05  3.238468875323285090e+01  3.238564332428715886e+01  3.238633565892570232e+01  3.238662488246756510e+01
498 8965 6.414223e-02 1.420087e+05  3.238468875323285090e+01  3.238541868992361827e+01  3.238618807238646014e+01  3.238684204093556929e+01
499 8983 6.523919e-02 1.481116e+05  3.238468875323285090e+01  3.238553389818002159e+01  3.238616293786179767e+01  3.238684831100466965e+01
500 9001 6.686544e-02 1.549682e+05  3.238468875323285090e+01  3.238553021650556474e+01  3.238636855677405890e+01  3.238676714924741162e+01
501 9019 6.854562e-02 1.613959e+05  3.238468875323285090e+01  3.238554210377868969e+01  3.238603025661986123e+01  3.238694756835122490e+01
502 9037 7.058160e-02 1.619490e+05  3.238468875323285090e+01  3.238552016212375406e+01  3.238600564853602037e+01  3.239141067999796064e+01
503 9055 7.032120e-02 1.603840e+05  3.238468875323285090e+01  3.238553755385098043e+01  3.238601248688576106e+01  3.239204231127290967e+01
504 9073 6.756100e-02 1.637355e+05  3.238468875323285090e+01  3.238551857844612414e+01  3.238599324526511225e+01  3.238638220875022711e+01
505 9091 6.643112e-02 1.566957e+05  3.238468875323285090e+01  3.238555518046719328e+01  3.238636733337749263e+01  3.238699555925170870e+01
506 9109 6.683321e-02 1.613736e+05  3.238468875323285090e+01  3.238548301147153552e+01  3.238623090517593539e+01  3.239231860350592740e+01
507 9127 6.333482e-02 1.636076e+05  3.238468875323285090e+01  3.238542514363142288e+01  3.238622198844623767e+01  3.239370803851385006e+01
508 9145 6.130302e-02 1.798671e+05  3.238468875323285090e+01  3.238540156432524242e+01  3.238611686172577464e+01  3.239206180010403102e+01
509 9163 6.094644e-02 1.842156e+05  3.238468875323285090e+01  3.238542578352498680e+01  3.238605977028418437e+01  3.238667913583628888e+01
510 9181 6.171538e-02 1.806773e+05  3.238468875323285090e+01  3.238547008706134278e+01  3.238613463905442558e+01  3.239350113496190886e+01
511 9199 6.193039e-02 1.872190e+05  3.238468875323285090e+01  3.238553024374218836e+01  3.238592844823311623e+01  3.238671350215191325e+01
512 9217 6.346124e-02 1.827759e+05  3.238468875323285090e+01  3.238554102718677541e+01  3.238610244867849985e+01  3.238672081003175407e+01
513 9235 6.453526e-02 1.915855e+05  3.238468875323285090e+01  3.238553640616351004e+01  3.238617343387339531e+01  3.238693591592223697e+01
514 9253 6.557646e-02 1.907728e+05  3.238468875323285090e+01  3.238557554150470708e+01  3.238618018470695858e+01  3.239405454205550683e+01
515 9271 6.714427e-02 1.873578e+05  3.238468875323285090e+01  3.238544677788887327e+01  3.238599875150881502e+01  3.238667934448069019e+01
516 9289 6.690035e-02 1.901462e+05  3.238468875323285090e+01  3.238552281655454124e+01  3.238599364835688732e+01  3.238670643915851599e+01
517 9307 6.768111e-02 1.936886e+05  3.238468875323285090e+01  3.238552782569122712e+01  3.238596421293529204e+01  3.239357270126781430e+01
518 9325 6.913454e-02 2.096525e+05  3.238468875323285090e+01  3.238548581534583093e+01  3.238623901724061227e+01  3.238668073113967694e+01
519 9343 7.078361e-02 2.180494e+05  3.238468875323285090e+01  3.238564189398280035e+01  3.238608136447236063e+01  3.238675738456198161e+01
520 9361 7.216498e-02 2.261868e+05  3.238468875323285090e+01  3.238557513438711766e+01  3.238613616153374153e+01  3.238667047662562481e+01
521 9379 7.268897e-02 2.300779e+05  3.238468875323285090e+01  3.238558617555495545e+01  3.238623008703429207e+01  3.239353846322214991e+01
522 9397 7.355785e-02 2.349363e+05  3.238468875323285090e+01  3.238551471837919848e+01  3.238614962386999707e+01  3.238672084510516669e+01
523 9415 7.377693e-02 2.306240e+05  3.238468875323285090e+01  3.238551771849941474e+01  3.238617180722492606e+01  3.238658299984609812e+01
524 9433 7.457438e-02 2.365229e+05  3.238468875323285090e+01  3.238553903238849330e+01  3.238606630187003788e+01  3.238680927966139933e+01
525 9451 7.479495e-02 2.416696e+05  3.238468875323285090e+01  3.238558495002082793e+01  3.238616248192835201e+01  3.238661802385084343e+01
526 9469 7.312885e-02 2.428382e+05  3.238468875323285090e+01  3.238549124461876261e+01  3.238644465198443356e+01  3.239359449258658685e+01
527 9487 7.256655e-02 2.533003e+05  3.238468875323285090e+01  3.238557303340247984e+01  3.238611317241184651e+01  3.239365630043667466e+01
528 9505 7.152923e-02 2.588060e+05  3.238468875323285090e+01  3.238567308399473177e+01  3.238626626775617723e+01  3.239369394222337917e+01
529 9523 7.136238e-02 2.492472e+05  3.238468875323285090e+01  3.238549971776289027e+01  3.238608469721698668e+01  3.238666370768139302e+01
530 9541 7.343421e-02 2.399908e+05  3.238468875323285090e+01  3.238552652160159795e+01  3.238606678193458777e+01  3.238667393776747616e+01
531 9559 7.478790e-02 2.604450e+05  3.238468875323285090e+01  3.238553232765368506e+01  3.238601089866320848e+01  3.239359556276448870e+01
532 9577 7.531787e-02 2.535183e+05  3.238468875323285090e+01  3.238551976633547014e+01  3.238593199398050615e+01  3.239255826381387493e+01
533 9595 7.485943e-02 2.654447e+05  3.238468875323285090e+01  3.238557152882672341e+01  3.238618273163139349e+01  3.238668186129727644e+01
534 9613 7.574475e-02 2.624809e+05  3.238468875323285090e+01  3.238548484734187127e+01  3.238584838798971788e+01  3.238703810843764330e+01
535 9631 7.524357e-02 2.676067e+05  3.238468875323285090e+01  3.238554107534836390e+01  3.238614729290999605e+01  3.238694455454139387e+01
536 9649 7.514716e-02 2.776521e+05  3.238468875323285090e+01  3.238552579219506100e+01  3.238608916152918482e+01  3.238658200586145597e+01
537 9667 7.376827e-02 2.795798e+05  3.238468875323285090e+01  3.238548582014323785e+01  3.238623491327652459e+01  3.239204747039494237e+01
538 9685 7.141646e-02 2.806529e+05  3.238468875323285090e+01  3.238548304886484175e+01  3.238595156259359698e+01  3.238660048643716749e+01
539 9703 7.036600e-02 2.706183e+05  3.238468875323285090e+01  3.238552433758095361e+01  3.238611912826212347e+01  3.238683247752373973e+01
540 9721 7.058893e-02 2.722745e+05  3.238468875323285090e+01  3.238544509672802718e+01  3.238600460148758486e+01  3.238669356710479974e+01
541 9739 6.938942e-02 2.657333e+05  3.238468875323285090e+01  3.238543093094214953e+01  3.238624344143403277e+01  3.238697650803143802e+01
542 9757 7.106484e-02 2.595086e+05  3.238468875323285090e+01  3.238547943586433320e+01  3.238581697827862627e+01  3.238671708553331996e+01
543 9775 7.401399e-02 2.688306e+05  3.238468875323285090e+01  3.238577904178564637e+01  3.238635675826911609e+01  3.238699271105453903e+01
544 9793 7.658369e-02 2.547065e+05  3.238468875323285090e+01  3.238549719907487656e+01  3.238621082184231170e+01  3.238672932819645212e+01
545 9811 7.718752e-02 2.473755e+05  3.238468875323285090e+01  3.238556967685918409e+01  3.238609973615569970e+01  3.238670111010163311e+01
546 9829 7.687383e-02 2.532415e+05  3.238468875323285090e+01  3.238549304065420387e+01  3.238606977653088848e+01  3.238673725235682355e+01
547 9847 7.677412e-02 2.501821e+05  3.238468875323285090e+01  3.238546743204807399e+01  3.238587136208350614e+01  3.239206113870168480e+01
548 9865 7.880178e-02 2.632772e+05  3.238468875323285090e+01  3.238550509098738672e+01  3.238625254144838550e+01  3.238665984136427056e+01
549 9883 7.984685e-02 2.547041e+05  3.238468875323285090e+01  3.238545588656034369e+01  3.238598750699682682e+01  3.238670063891450468e+01
550 9901 7.875228e-02 2.601605e+05  3.238468875323285090e+01  3.238549525562616793e+01  3.238584324417833216e+01  3.238657717585711993e+01
551 9919 7.686289e-02 2.762963e+05  3.238468875323285090e+01  3.238553466534629877e+01  3.238598200893379442e+01  3.238672973042141479e+01
552 9937 7.676357e-02 2.906538e+05  3.238468875323285090e+01  3.238564467150130355e+01  3.238621755583250916e+01  3.238675734971760534e+01
553 9955 7.791746e-02 2.870661e+05  3.238468875323285090e+01  3.238556940578799015e+01  3.238586700585074141e+01  3.239205386646248286e+01
554 9973 7.831725e-02 2.835626e+05  3.238468875323285090e+01  3.238566004996615533e+01  3.238642213685034932e+01  3.239247428187061217e+01
555 9991 7.936472e-02 2.768294e+05  3.238468875323285090e+01  3.238558613326947011e+01  3.238601585661695026e+01  3.239213968481672623e+01
556 10009 7.870731e-02 2.712718e+05  3.238468875323285090e+01  3.238566039180338407e+01  3.238623454827476422e+01  3.238674362786300520e+01
557 10027 8.083677e-02 2.521219e+05  3.238468875323285090e+01  3.238557618140771410e+01  3.238624783825190434e+01  3.239195349837302729e+01
558 10045 8.277235e-02 2.492008e+05  3.238468875323285090e+01  3.238565413813013549e+01  3.238608836363033561e+01  3.239390583941396784e+01
559 10063 8.508222e-02 2.409173e+05  3.238468875323285090e+01  3.238545449445290814e+01  3.238615088531958008e+01  3.238677868741221744e+01
560 10081 8.814563e-02 2.401531e+05  3.238468875323285090e+01  3.238551471701758544e+01  3.238616708248720499e+01  3.239311142085685447e+01
561 10099 9.101262e-02 2.321011e+05  3.238468875323285090e+01  3.238552265786660200e+01  3.238599899800220072e+01  3.239332920314338793e+01
562 10117 9.426034e-02 2.216128e+05  3.238468875323285090e+01  3.238545395285555628e+01  3.238632186701946125e+01  3.239359569575858444e+01
563 10135 9.466486e-02 2.288471e+05  3.238468875323285090e+01  3.238542706742551047e+01  3.238642890559081167e+01  3.239356620408111809e+01
564 10153 9.541763e-02 2.178946e+05  3.238468875323285090e+01  3.238552708808425251e+01  3.238600698861083771e+01  3.239345517863359447e+01
565 10171 9.380690e-02 2.126741e+05  3.238468875323285090e+01  3.238541866922913215e+01  3.238599468751141330e+01  3.238641839374019327e+01
566 10189 9.243538e-02 2.205220e+05  3.238468875323285090e+01  3.238550191549585833e+01  3.238592006068651585e+01  3.239327250594362084e+01
567 10207 9.076947e-02 2.237089e+05  3.238468875323285090e+01  3.238549427914497159e+01  3.238615799453347677e+01  3.238679401159995308e+01
568 10225 9.029088e-02 2.228294e+05  3.238468875323285090e+01  3.238543551681005539e+01  3.238582633529523491e+01  3.239338663079435321e+01
569 10243 8.878751e-02 2.269333e+05  3.238468875323285090e+01  3.238547001521978785e+01  3.238630267229173398e+01  3.239363133860089761e+01
570 10261 8.727275e-02 2.404346e+05  3.238468875323285090e+01  3.238542645873580028e+01  3.238629372588328437e+01  3.239318995244527599e+01
571 10279 8.704103e-02 2.398090e+05  3.238468875323285090e+01  3.238554261523094624e+01  3.238622495477332563e+01  3.239338788710307426e+01
572 10297 8.353894e-02 2.333361e+05  3.238468875323285090e+01  3.238547618105723558e+01  3.238609579140472761e+01  3.239380331675063474e+01
573 10315 8.248770e-02 2.324666e+05  3.238468875323285090e+01  3.238543315025454916e+01  3.238600378546458103e+01  3.239373071414647143e+01
574 10333 8.237060e-02 2.329945e+05  3.238468875323285090e+01  3.238550614076621770e+01  3.238598678844805789e+01  3.238664940743464626e+01
575 10351 8.130148e-02 2.276920e+05  3.238468875323285090e+01  3.238544858545596838e+01  3.238591033222367344e+01  3.239311599140542342e+01
576 10369 7.916930e-02 2.308984e+05  3.238468875323285090e+01  3.238543009507790771e+01  3.238624095182618134e+01  3.238670168691959361e+01
577 10387 7.858101e-02 2.225010e+05  3.238468875323285090e+01  3.238543000767090518e+01  3.238595474042318756e+01  3.238667587708688700e+01
578 10405 7.954323e-02 2.165454e+05  3.238468875323285090e+01  3.238541917962312056e+01  3.238572972154381091e+01  3.238660766306404781e+01
579 10423 7.884400e-02 2.200956e+05  3.238468875323285090e+01  3.238540846543314444e+01  3.238644829568463734e+01  3.239313776412177504e+01
580 10441 7.798290e-02 2.239346e+05  3.238468875323285090e+01  3.238545697138064838e+01  3.238592219322561050e+01  3.238667039095061995e+01
581 10459 7.766358e-02 2.197668e+05  3.238468875323285090e+01  3.238541564363478642e+01  3.238604073442675713e+01  3.239323249964715501e+01
582 10477 7.615992e-02 2.230049e+05  3.238468875323285090e+01  3.238541372800958840e+01  3.238582005440454736e+01  3.239327860567674833e+01
583 10495 7.320888e-02 2.298237e+05  3.238468875323285090e+01  3.238549962027615692e+01  3.238590352876924072e+01  3.239225834741638721e+01
584 10513 7.003261e-02 2.238657e+05  3.238468875323285090e+01  3.238549311208642223e+01  3.238579248504275654e+01  3.238643504395568584e+01
585 10531 6.845151e-02 2.237021e+05  3.238468875323285090e+01  3.238539502248659829e+01  3.238580271326279814e+01  3.238667593487782881e+01
586 10549 6.816821e-02 2.256615e+05  3.238468875323285090e+01  3.238552419704092245e+01  3.238614503461811012e+01  3.239240301982200521e+01
587 10567 6.757082e-02 2.183048e+05  3.238468875323285090e+01  3.238544598432739718e+01  3.238620608866627038e+01  3.239310578779910088e+01
588 10585 6.532697e-02 2.160703e+05  3.238468875323285090e+01  3.238545496435556004e+01  3.238579370328188389e+01  3.239395926786055213e+01
589 10603 6.321577e-02 2.197466e+05  3.238468875323285090e+01  3.238557250434224244e+01  3.238587317477981742e+01  3.238665703601857615e+01
590 10621 6.197631e-02 2.184886e+05  3.238468875323285090e+01  3.238546796922778270e+01  3.238573765012613848e+01  3.239332202268573724e+01
591 10639 6.104187e-02 2.169764e+05  3.238468875323285090e+01  3.238543295883355455e+01  3.238567879632576307e+01  3.239393442026288739e+01
592 10657 6.194289e-02 2.261826e+05  3.238468875323285090e+01  3.238555101363458988e+01  3.238634682954219102e+01  3.238670198117964105e+01
593 10675 6.176673e-02 2.318952e+05  3.238468875323285090e+01  3.238540883042408325e+01  3.238574731984473942e+01  3.238674476343506825e+01
594 10693 6.206277e-02 2.267509e+05  3.238468875323285090e+01  3.238542533963539682e+01  3.238574033477129888e+01  3.238669025100425358e+01
595 10711 6.255400e-02 2.303258e+05  3.238468875323285090e+01  3.238543112784928013e+01  3.238592111699567511e+01  3.238664324378697756e+01
596 10729 6.374271e-02 2.362457e+05  3.238468875323285090e+01  3.238542601778867436e+01  3.238566182488203538e+01  3.238668888379912403e+01
597 10747 6.275564e-02 2.629603e+05  3.238468875323285090e+01  3.238542641600897554e+01  3.238561862483927456e+01  3.238666093433166537e+01
598 10765 6.323109e-02 2.667438e+05  3.238468875323285090e+01  3.238541047009066176e+01  3.238575869343433311e+01  3.238668506938213909e+01
599 10783 6.289470e-02 2.830671e+05  3.238468875323285090e+01  3.238540194673836226e+01  3.238577548282168550e+01  3.238664616389820594e+01
600 10801 5.998708e-02 2.925819e+05  3.238468875323285090e+01  3.238538592060188392e+01  3.238652354761561014e+01  3.239382774128660003e+01
601 10819 5.999495e-02 2.979971e+05  3.238468875323285090e+01  3.238539657113918224e+01  3.238567699889786411e+01  3.238664879604269231e+01
602 10837 6.082380e-02 3.025380e+05  3.238468875323285090e+01  3.238547516697752826e+01  3.238653288860798796e+01  3.239339825913165782e+01
603 10855 6.380880e-02 3.085149e+05  3.238468875323285090e+01  3.238541484854516739e+01  3.238572894640545030e+01  3.239330589274243977e+01
604 10873 6.423635e-02 3.030058e+05  3.238468875323285090e+01  3.238539786254480646e+01  3.238635106957439547e+01  3.239300812446940370e+01
605 10891 6.407185e-02 3.181802e+05  3.238468875323285090e+01  3.238541189010751253e+01  3.238610410921671701e+01  3.238662615026447611e+01
606 10909 6.371033e-02 3.192894e+05  3.238468875323285090e+01  3.238544026027106071e+01  3.238575849387208905e+01  3.239305500419683881e+01
607 10927 6.399830e-02 2.979798e+05  3.238468875323285090e+01  3.238539466176878534e+01  3.238557413954335118e+01  3.238663425351882807e+01
608 10945 6.500337e-02 2.886463e+05  3.238468875323285090e+01  3.238540828590793552e+01  3.238561765419784422e+01  3.238660217170010469e+01
609 10963 6.234365e-02 2.872228e+05  3.238468875323285090e+01  3.238538444670209060e+01  3.238574396902568964e+01  3.238667297326991701e+01
610 10981 6.067312e-02 3.047061e+05  3.238468875323285090e+01  3.238540462140458942e+01  3.238568527708193301e+01  3.238666132694435618e+01
611 10999 6.029735e-02 3.105344e+05  3.238468875323285090e+01  3.238539083084321391e+01  3.238563313348588224e+01  3.238660686174543457e+01
612 11017 6.103315e-02 3.266313e+05  3.238468875323285090e+01  3.238538858001251697e+01  3.238644151330868226e+01  3.238663119300636595e+01
613 11035 6.195511e-02 3.316061e+05  3.238468875323285090e+01  3.238538612162088270e+01  3.238575864732707288e+01  3.238665533766812388e+01
614 11053 6.182470e-02 3.420663e+05  3.238468875323285090e+01  3.238540872833799966e+01  3.238646507837017907e+01  3.238663131206399726e+01
615 11071 6.271632e-02 3.382564e+05  3.238468875323285090e+01  3.238548927944143685e+01  3.238577900321290315e+01  3.238665414846671808e+01
616 11089 6.309811e-02 3.435282e+05  3.238468875323285090e+01  3.238538271678296354e+01  3.238562627457027077e+01  3.238661581143426815e+01
617 11107 6.265083e-02 3.409734e+05  3.238468875323285090e+01  3.238543212007000704e+01  3.238573886468908825e+01  3.238666785132727455e+01
618 11125 6.181628e-02 3.357984e+05  3.238468875323285090e+01  3.238539665722061756e+01  3.238563698120111667e+01  3.238662072406520309e+01
619 11143 6.298471e-02 3.396705e+05  3.238468875323285090e+01  3.238541802225694255e+01  3.238634317326339840e+01  3.238669252312782731e+01
620 11161 6.324084e-02 3.513508e+05  3.238468875323285090e+01  3.238547658647910055e+01  3.238590566511055613e+01  3.238667737184178463e+01
621 11179 6.561715e-02 3.451168e+05  3.238468875323285090e+01  3.238540099774537140e+01  3.238568728648002093e+01  3.239319028127970057e+01
622 11197 6.682007e-02 3.345513e+05  3.238468875323285090e+01  3.238540074976555871e+01  3.238556448543188537e+01  3.238666411068222573e+01
623 11215 6.740416e-02 3.275317e+05  3.238468875323285090e+01  3.238539999910923939e+01  3.238650245734750399e+01  3.238667696256423767e+01
624 11233 6.991588e-02 3.294617e+05  3.238468875323285090e+01  3.238545549539193757e+01  3.238563002572495009e+01  3.238659021731913867e+01
625 11251 7.190419e-02 3.445040e+05  3.238468875323285090e+01  3.238546845166739985e+01  3.238568017499872553e+01  3.238659762677351495e+01
626 11269 7.132262e-02 3.465946e+05  3.238468875323285090e+01  3.238541543224939545e+01  3.238560096283706002e+01  3.239318328910085398e+01
627 11287 7.054447e-02 3.385136e+05  3.238468875323285090e+01  3.238538840068152780e+01  3.238563172380675326e+01  3.238662387967785605e+01
628 11305 7.163101e-02 3.380922e+05  3.238468875323285090e+01  3.238538438512165385e+01  3.238566135191845774e+01  3.239309437213936604e+01
629 11323 7.167607e-02 3.345763e+05  3.238468875323285090e+01  3.238541855341918563e+01  3.238597835812667824e+01  3.239298872611023228e+01
630 11341 7.150421e-02 3.306664e+05  3.238468875323285090e+01  3.238538398242974381e+01  3.238564512102827564e+01  3.238659698777929918e+01
631 11359 7.126625e-02 3.340603e+05  3.238468875323285090e+01  3.238545672797287978e+01  3.238562389616084403e+01  3.238666067810329707e+01
632 11377 7.458344e-02 3.402530e+05  3.238468875323285090e+01  3.238537395681684927e+01  3.238564448086308545e+01  3.238664637454257189e+01
633 11395 7.713421e-02 3.348066e+05  3.238468875323285090e+01  3.238538351649655311e+01  3.238559927258334881e+01  3.238651664940788066e+01
634 11413 7.806795e-02 3.369212e+05  3.238468875323285090e+01  3.238544248648378243e+01  3.238601762634769443e+01  3.239315592170980551e+01
635 11431 7.755316e-02 3.530119e+05  3.238468875323285090e+01  3.238543776750882586e+01  3.238570429234029291e+01  3.238659249062301626e+01
636 11449 7.797176e-02 3.540225e+05  3.238468875323285090e+01  3.238537620025638830e+01  3.238559729223729278e+01  3.238659044787414842e+01
637 11467 7.737108e-02 3.574711e+05  3.238468875323285090e+01  3.238536371273043812e+01  3.238582390607082573e+01  3.238662679586319371e+01
638 11485 7.637066e-02 3.722644e+05  3.238468875323285090e+01  3.238542150806149778e+01  3.238563044768316246e+01  3.238639317399469775e+01
639 11503 7.493458e-02 3.614142e+05  3.238468875323285090e+01  3.238541881961838698e+01  3.238565467742979820e+01  3.238663258657344102e+01
640 11521 7.411047e-02 3.895675e+05  3.238468875323285090e+01  3.238539024222265539e+01  3.238605088374553986e+01  3.239316060264175690e+01
641 11539 7.439048e-02 4.062768e+05  3.238468875323285090e+01  3.238542943027109544e+01  3.238565336724689558e+01  3.238664578476114286e+01
642 11557 7.302941e-02 4.301068e+05  3.238468875323285090e+01  3.238541947101772678e+01  3.238553511543828023e+01  3.238646845649581252e+01
643 11575 7.131471e-02 4.398552e+05  3.238468875323285090e+01  3.238543352106698592e+01  3.238554297956422090e+01  3.238658093606048283e+01
644 11593 7.000520e-02 4.330365e+05  3.238468875323285090e+01  3.238539112206509429e+01  3.238553793377136003e+01  3.238665469621512472e+01
645 11611 7.127346e-02 4.446315e+05  3.238468875323285090e+01  3.238541953126165396e+01  3.238564503719006638e+01  3.238665119585813557e+01
646 11629 7.308019e-02 4.401751e+05  3.238468875323285090e+01  3.238540421315619966e+01  3.238561608897082067e+01  3.238670330195908065e+01
647 11647 7.418668e-02 4.416280e+05  3.238468875323285090e+01  3.238539694592511609e+01  3.238559268652562650e+01  3.238660745008681374e+01
648 11665 7.613955e-02 4.497218e+05  3.238468875323285090e+01  3.238536448704143567e+01  3.238558894332949478e+01  3.238665923400101576e+01
649 11683 7.874016e-02 4.912155e+05  3.238468875323285090e+01  3.238540359915564437e+01  3.238558826381945721e+01  3.238664986315191641e+01
650 11701 7.772175e-02 4.637200e+05  3.238468875323285090e+01  3.238540184134335931e+01  3.238561095937592427e+01  3.238662240034541639e+01
651 11719 7.717893e-02 4.436402e+05  3.238468875323285090e+01  3.238541629194511273e+01  3.238563316141024728e+01  3.238664367000600919e+01
652 11737 7.592507e-02 4.331549e+05  3.238468875323285090e+01  3.238539331166406754e+01  3.238604948063536426e+01  3.238667605651102122e+01
653 11755 7.594476e-02 4.354845e+05  3.238468875323285090e+01  3.238538179899396141e+01  3.238561982471270539e+01  3.239332714975220995e+01
654 11773 7.620836e-02 4.483803e+05  3.238468875323285090e+01  3.238536052183192737e+01  3.238549765294904148e+01  3.239301171247750233e+01
655 11791 7.592700e-02 4.541600e+05  3.238468875323285090e+01  3.238539818775395673e+01  3.238648427764537274e+01  3.239239340911359477e+01
656 11809 7.450348e-02 4.574606e+05  3.238468875323285090e+01  3.238538790809630541e+01  3.238550320078921629e+01  3.238662900400353806e+01
657 11827 7.410265e-02 4.517217e+05  3.238468875323285090e+01  3.238537819779647009e+01  3.238551259751055511e+01  3.238660202201100446e+01
658 11845 7.423256e-02 5.063414e+05  3.238468875323285090e+01  3.238537856441669760e+01  3.238561571149063667e+01  3.238663044328878726e+01
659 11863 7.476946e-02 5.324125e+05  3.238468875323285090e+01  3.238539066118805465e+01  3.238558925231934182e+01  3.238664061824481877e+01
660 11881 7.386027e-02 5.419448e+05  3.238468875323285090e+01  3.238540086273616225e+01  3.238553020394235915e+01  3.238662554965927853e+01
661 11899 7.583369e-02 5.219860e+05  3.238468875323285090e+01  3.238542578034000741e+01  3.238601967485534061e+01  3.238664273451093578e+01
662 11917 7.375503e-02 5.394833e+05  3.238468875323285090e+01  3.238534660088362926e+01  3.238557741512013877e+01  3.238664030029928398e+01
663 11935 7.205403e-02 5.498640e+05  3.238468875323285090e+01  3.238537696114725861e+01  3.238558297683281495e+01  3.238664277671600189e+01
664 11953 7.034506e-02 5.410611e+05  3.238468875323285090e+01  3.238541525234356300e+01  3.238608820985174930e+01  3.238663256738214358e+01
665 11971 6.934081e-02 5.407369e+05  3.238468875323285090e+01  3.238538130894782086e+01  3.238555405107530305e+01  3.238662504159880484e+01
666 11989 6.776253e-02 5.294652e+05  3.238468875323285090e+01  3.238535757427196415e+01  3.238550583144191819e+01  3.238664690040327798e+01
667 12007 6.590962e-02 5.351284e+05  3.238468875323285090e+01  3.238537218447629584e+01  3.238558852936516530e+01  3.238665266387583586e+01
668 12025 6.519952e-02 5.135591e+05  3.238468875323285090e+01  3.238539320399392807e+01  3.238647803379097923e+01  3.238663706816887355e+01
669 12043 6.464768e-02 5.025246e+05  3.238468875323285090e+01  3.238538092984460803e+01  3.238553758423965689e+01  3.238664154864291334e+01
670 12061 6.501308e-02 4.905628e+05  3.238468875323285090e+01  3.238539051762663235e+01  3.238560338067914302e+01  3.238663310973344522e+01
671 12079 6.654359e-02 5.012775e+05  3.238468875323285090e+01  3.238537858207396880e+01  3.238556207084355520e+01  3.238664824212215620e+01
672 12097 6.721106e-02 4.819751e+05  3.238468875323285090e+01  3.238540571423927616e+01  3.238552514271796667e+01  3.238661052206387581e+01
673 12115 6.889762e-02 4.626785e+05  3.238468875323285090e+01  3.238537645405632048e+01  3.238555721940228693e+01  3.238664401775042023e+01
674 12133 6.976125e-02 4.681419e+05  3.238468875323285090e+01  3.238538195396831298e+01  3.238554956632994219e+01  3.238660605090485944e+01
675 12151 7.134052e-02 4.769787e+05  3.238468875323285090e+01  3.238538951791829135e+01  3.238558574604594753e+01  3.238664377280507267e+01
676 12169 7.304537e-02 5.070269e+05  3.238468875323285090e+01  3.238538051377207694e+01  3.238554531614786924e+01  3.238663748713633339e+01
677 12187 7.176282e-02 5.394514e+05  3.238468875323285090e+01  3.238535766751588341e+01  3.238641762456627049e+01  3.238663926834287565e+01
678 12205 7.118016e-02 5.624793e+05  3.238468875323285090e+01  3.238540160573997184e+01  3.238550159974863618e+01  3.238661640619447724e+01
679 12223 6.891514e-02 5.842990e+05  3.238468875323285090e+01  3.238538770881466888e+01  3.238548554572920324e+01  3.238658460759844360e+01
680 12241 6.751330e-02 5.495930e+05  3.238468875323285090e+01  3.238538808823138737e+01  3.238563716701665385e+01  3.238665561719948016e+01
681 12259 6.690928e-02 5.517605e+05  3.238468875323285090e+01  3.238537985930375385e+01  3.238548032886190242e+01  3.238665988973420440e+01
682 12277 6.548107e-02 5.162484e+05  3.238468875323285090e+01  3.238538788807607460e+01  3.238551433621113063e+01  3.238664059756798252e+01
683 12295 6.482603e-02 5.197490e+05  3.238468875323285090e+01  3.238537345294108150e+01  3.238548953664243868e+01  3.238662463840945804e+01
684 12313 6.570908e-02 5.071715e+05  3.238468875323285090e+01  3.238539234447650728e+01  3.238647268567660831e+01  3.238662301245764752e+01
685 12331 6.556127e-02 5.154043e+05  3.238468875323285090e+01  3.238537372495193978e+01  3.238542536630472313e+01  3.238559525021761942e+01
686 12349 6.400451e-02 4.980071e+05  3.238468875323285090e+01  3.238539050277279330e+01  3.238552021222911037e+01  3.238664513069755913e+01
687 12367 6.329287e-02 4.923361e+05  3.238468875323285090e+01  3.238539337331162926e+01  3.238552652475686244e+01  3.238665134388116940e+01
688 12385 6.220697e-02 4.922635e+05  3.238468875323285090e+01  3.238537193020684413e+01  3.238548021837918611e+01  3.238665175392581830e+01
689 12403 6.100359e-02 4.860431e+05  3.238468875323285090e+01  3.238536879845129590e+01  3.238560541332888931e+01  3.238662638923576509e+01
690 12421 5.987228e-02 4.797640e+05  3.238468875323285090e+01  3.238537169679356964e+01  3.238551320719651017e+01  3.238664013682193854e+01
691 12439 6.210080e-02 4.611838e+05  3.238468875323285090e+01  3.238536744131210554e+01  3.238544019108094574e+01  3.238663670783844850e+01
692 12457 6.379008e-02 4.854354e+05  3.238468875323285090e+01  3.238537468728375046e+01  3.238656853101284128e+01  3.238664254981726742e+01
693 12475 6.517890e-02 4.629134e+05  3.238468875323285090e+01  3.238539565241541851e+01  3.238550497605098144e+01  3.238663785778897619e+01
694 12493 6.596745e-02 4.459272e+05  3.238468875323285090e+01  3.238538701958490407e+01  3.238550843324942008e+01  3.238663529735844548e+01
695 12511 6.660022e-02 4.288649e+05  3.238468875323285090e+01  3.238536022500929334e+01  3.238546146362215694e+01  3.238663969868545678e+01
696 12529 6.696587e-02 4.255285e+05  3.238468875323285090e+01  3.238536644747718896e+01  3.238555892375450895e+01  3.238664041217442247e+01
697 12547 6.471362e-02 4.292665e+05  3.238468875323285090e+01  3.238537946183477345e+01  3.238543954125513835e+01  3.238661114688817833e+01
698 12565 6.268410e-02 4.093349e+05  3.238468875323285090e+01  3.238536433046479601e+01  3.238545079724788422e+01  3.238662450037224971e+01
699 12583 6.082811e-02 4.205180e+05  3.238468875323285090e+01  3.238537142740160135e+01  3.238542803689517768e+01  3.238662507167188664e+01
700 12601 5.806374e-02 4.302380e+05  3.238468875323285090e+01  3.238536723854963384e+01  3.238657058235965280e+01  3.238663897114816592e+01
701 12619 5.763237e-02 4.482134e+05  3.238468875323285090e+01  3.238536431696863360e+01  3.238660413969773089e+01  3.238664633325155506e+01
702 12637 5.748917e-02 4.572358e+05  3.238468875323285090e+01  3.238535896994599739e+01  3.238546064051122642e+01  3.238660846615700706e+01
703 12655 5.732542e-02 4.522031e+05  3.238468875323285090e+01  3.238536499105370581e+01  3.238545841158796179e+01  3.238663219709107466e+01
704 12673 5.708572e-02 4.720682e+05  3.238468875323285090e+01  3.238536807340436496e+01  3.238546317620939874e+01  3.238662183387346261e+01
705 12691 5.732528e-02 5.003944e+05  3.238468875323285090e+01  3.238537186325991968e+01  3.238544509702767016e+01  3.238661621906330623e+01
706 12709 5.643889e-02 5.329326e+05  3.238468875323285090e+01  3.238537855823870615e+01  3.238548250922253402e+01  3.238663949034116740e+01
707 12727 5.723052e-02 5.367565e+05  3.238468875323285090e+01  3.238536838709859467e+01  3.238543243480073386e+01  3.238657209642153134e+01
708 12745 5.804036e-02 5.400907e+05  3.238468875323285090e+01  3.238537250490283981e+01  3.238543650183115119e+01  3.238664387087001018e+01
709 12763 5.709317e-02 5.380194e+05  3.238468875323285090e+01  3.238536954776707688e+01  3.238542642105414870e+01  3.238662176178323193e+01
710 12781 5.542044e-02 5.189520e+05  3.238468875323285090e+01  3.238539468782617092e+01  3.238549614304875490e+01  3.238663497825351101e+01
711 12799 5.343148e-02 5.310864e+05  3.238468875323285090e+01  3.238536071319889942e+01  3.238543015627030286e+01  3.238663428729968530e+01
712 12817 5.000210e-02 5.804493e+05  3.238468875323285090e+01  3.238536771415061821e+01  3.238541176341052363e+01  3.238664896333067134e+01
713 12835 4.941145e-02 5.736891e+05  3.238468875323285090e+01  3.238536864963449347e+01  3.238546964208035206e+01  3.238663345874817168e+01
714 12853 4.847519e-02 5.502659e+05  3.238468875323285090e+01  3.238536347717285935e+01  3.238542191932145897e+01  3.238664604169446193e+01
715 12871 4.828812e-02 5.426392e+05  3.238468875323285090e+01  3.238536051717670716e+01  3.238658892697273473e+01  3.238664350882962140e+01
716 12889 4.691265e-02 5.434946e+05  3.238468875323285090e+01  3.238536509745343039e+01  3.238540774837069591e+01  3.238662904651283725e+01
717 12907 4.596632e-02 5.092784e+05  3.238468875323285090e+01  3.238536599482327460e+01  3.238541487730532964e+01  3.238664010148610828e+01
718 12925 4.477104e-02 5.125964e+05  3.238468875323285090e+01  3.238535702807198646e+01  3.238542678731826641e+01  3.238664177460554328e+01
