%  columns="iteration, evaluation, sigma, axis ratio, bestever, best, median, worst fitness function value, further objective values of best" (startseed=214150, 2022/11/29 1:49:29.50)
1 19 4.634996e-01 1.079500e+00  1.937399985296118425e-04  1.937399985296118425e-04  2.758142530972575689e-03  2.483441909668706801e-02
2 37 4.445272e-01 1.170087e+00  1.312292805433021444e-04  1.312292805433021444e-04  2.363469018213025692e-03  1.788038977005464852e-02
3 55 4.367149e-01 1.255104e+00  1.312292805433021444e-04  2.611783209891520730e-04  2.201724556714087545e-03  2.654452314281342817e-02
4 73 4.346795e-01 1.314016e+00  5.409170071934806592e-05  5.409170071934806592e-05  1.455799134937885760e-03  1.653860183251059518e-02
5 91 4.337819e-01 1.448646e+00  5.409170071934806592e-05  5.295134040021866415e-04  2.012617389511198000e-03  2.009216484453821630e-02
6 109 4.336183e-01 1.501914e+00  5.409170071934806592e-05  8.621601019505309698e-05  1.739737943517681833e-03  2.274798873518654729e-02
7 127 4.453258e-01 1.617480e+00  5.409170071934806592e-05  7.431444935668033119e-05  9.582418794038414980e-04  2.298698318093444007e-02
8 145 4.594095e-01 1.755221e+00  5.409170071934806592e-05  8.746425921714686726e-05  1.504142659311985411e-03  2.161739650192745499e-02
9 163 4.721505e-01 1.833862e+00  5.409170071934806592e-05  1.593985487250754629e-04  1.560008487498259957e-03  1.763370117184123384e-02
10 181 4.883676e-01 1.948039e+00  5.409170071934806592e-05  1.396569118474591585e-04  1.846016105553108157e-03  1.069132823317079511e-02
11 199 5.019685e-01 2.050823e+00  5.409170071934806592e-05  1.226531234434993388e-04  2.730244665360307809e-03  1.703117300161543363e-02
12 217 5.173369e-01 2.141909e+00  5.409170071934806592e-05  7.847529890196067420e-05  1.706839773673343415e-03  1.605032570253858010e-02
13 235 5.256585e-01 2.250571e+00  5.409170071934806592e-05  9.837776485676568794e-05  4.692541817615006566e-04  1.982322631856800466e-02
14 253 5.329102e-01 2.444514e+00  5.409170071934806592e-05  1.115900593907385096e-04  1.112713495579608584e-03  2.393899933507199693e-02
15 271 5.407683e-01 2.538641e+00  5.409170071934806592e-05  9.336730674229133252e-05  1.832508474657204870e-03  1.670925343923787207e-02
16 289 5.333568e-01 2.612852e+00  5.409170071934806592e-05  6.612194672744870069e-05  6.127355816279375384e-04  2.570390566868256677e-02
17 307 5.207041e-01 2.692414e+00  5.409170071934806592e-05  1.066986864976427770e-04  8.009998086730893679e-04  2.830756690393358699e-02
18 325 5.074483e-01 2.747084e+00  5.409170071934806592e-05  1.211475434116851947e-04  3.980604246292299923e-04  1.804411745246613588e-02
19 343 5.061552e-01 2.804539e+00  5.409170071934806592e-05  8.175550784065778356e-05  8.747289130179589436e-04  2.252115082614209590e-02
20 361 5.101720e-01 2.918158e+00  5.409170071934806592e-05  8.036012370219735332e-05  6.555020779894580717e-04  1.622714576677717485e-02
21 379 5.274584e-01 2.845415e+00  5.409170071934806592e-05  1.509646163075314170e-04  8.203482534442423047e-04  2.417515795086619748e-02
22 397 5.353982e-01 2.801587e+00  5.409170071934806592e-05  8.140406790680044429e-05  4.242123353910923775e-04  1.909739977875153823e-03
23 415 5.296134e-01 2.679015e+00  5.409170071934806592e-05  9.065590263784002018e-05  4.148587809260519512e-04  2.237036665560034575e-03
24 433 5.323879e-01 3.065674e+00  5.409170071934806592e-05  1.164334670922209143e-04  3.164025516695327797e-04  1.620679294971642250e-03
25 451 5.173708e-01 3.187303e+00  5.409170071934806592e-05  1.052889556963594651e-04  3.058158195094086559e-04  4.613053524349993752e-03
26 469 5.101164e-01 3.219756e+00  5.409170071934806592e-05  1.744474584812033254e-04  6.876820343773979620e-04  5.776786435228921379e-03
27 487 4.983407e-01 3.306697e+00  5.409170071934806592e-05  9.245892179613245468e-05  5.624511514677164609e-04  2.582273624449529792e-03
28 505 4.853764e-01 3.399489e+00  5.409170071934806592e-05  8.390526335730713017e-05  2.911938692590448734e-04  5.329475907886000938e-03
29 523 4.607023e-01 3.450462e+00  5.409170071934806592e-05  1.202284132924857533e-04  2.142598897812717841e-04  8.385658213607703401e-03
30 541 4.380968e-01 3.465438e+00  5.409170071934806592e-05  8.183697447017501062e-05  2.007604498759282536e-04  1.336216471097455413e-03
31 559 4.169951e-01 3.573142e+00  5.409170071934806592e-05  9.660670326962748650e-05  2.867442060183021538e-04  1.533576634862792148e-03
32 577 3.943395e-01 3.692028e+00  5.409170071934806592e-05  6.631026897002647495e-05  3.691641056579423610e-04  1.971802112824174846e-03
33 595 3.841253e-01 3.735811e+00  5.409170071934806592e-05  5.662904429685972828e-05  2.873181815019102922e-04  1.267770287478752487e-03
34 613 3.711422e-01 3.761008e+00  5.409170071934806592e-05  7.578221760804643734e-05  4.033732098111211155e-04  5.327040887426173245e-03
35 631 3.576270e-01 3.825564e+00  5.409170071934806592e-05  7.339825105236055889e-05  3.698700286030270185e-04  6.669642048067051139e-03
36 649 3.492657e-01 3.900191e+00  5.409170071934806592e-05  7.997730529332411928e-05  1.951780636188603498e-04  5.537481838473815032e-03
37 667 3.380173e-01 3.933619e+00  5.409170071934806592e-05  6.901745721324846949e-05  1.967372871141709768e-04  2.749859743341749162e-03
38 685 3.334688e-01 3.991280e+00  5.409170071934806592e-05  6.232178151973281454e-05  1.243214394664664095e-04  1.171902795613739227e-03
39 703 3.317222e-01 4.185058e+00  5.409170071934806592e-05  5.865223857234818343e-05  1.529698646520494818e-04  1.919875385461162045e-03
40 721 3.234708e-01 4.181252e+00  5.409170071934806592e-05  6.712358364369580598e-05  3.029909782025371986e-04  8.055957725571097437e-04
41 739 3.060287e-01 4.158869e+00  5.409170071934806592e-05  5.785699268096518885e-05  1.923354349992792401e-04  2.141655082314088826e-03
42 757 2.969097e-01 4.189544e+00  5.409170071934806592e-05  5.907706116477959123e-05  1.290805896555483783e-04  1.879135330660170996e-03
43 775 2.888961e-01 4.321456e+00  5.409170071934806592e-05  6.688774594797440879e-05  1.314480959020682886e-04  1.320817793019330713e-03
44 793 2.847922e-01 4.343892e+00  5.409170071934806592e-05  6.538578890175235359e-05  1.029259685796234829e-04  5.845116905491519466e-04
45 811 2.853610e-01 4.347773e+00  5.409170071934806592e-05  5.513838448153233183e-05  1.483668216388838107e-04  3.346766051325639636e-04
46 829 2.853835e-01 4.544758e+00  5.409170071934806592e-05  5.418770153696538894e-05  1.473574093629203847e-04  5.885534374529924643e-04
47 847 2.883638e-01 4.627021e+00  5.409170071934806592e-05  5.475087171699860258e-05  1.995146609561003720e-04  7.837419276341360801e-04
48 865 2.899638e-01 4.812396e+00  5.409170071934806592e-05  5.418787340700587313e-05  1.213265044871347217e-04  3.052187761056672152e-03
49 883 2.879329e-01 5.114311e+00  5.242335798442803992e-05  5.242335798442803992e-05  1.294358248986537073e-04  3.882278572056767157e-04
50 901 2.833160e-01 5.210441e+00  5.242335798442803992e-05  5.452921623454538489e-05  1.131839316214509807e-04  1.006739636463499076e-03
51 919 2.795256e-01 5.228466e+00  5.242335798442803992e-05  5.935706905972614622e-05  1.273565138352320859e-04  1.140355501565244430e-03
52 937 2.798133e-01 5.571830e+00  5.242335798442803992e-05  5.512105284612973759e-05  1.208008125796811226e-04  5.055417551932295424e-04
53 955 2.825318e-01 5.807266e+00  5.242335798442803992e-05  6.060219349908924931e-05  1.370488042691511352e-04  2.917132543896580783e-03
54 973 2.786501e-01 5.947342e+00  5.242335798442803992e-05  5.245147003942725810e-05  1.166200210299564135e-04  7.534821643865780060e-04
55 991 2.767281e-01 5.985813e+00  5.242335798442803992e-05  5.458368869306664124e-05  8.504432437026668409e-05  1.114188353340519284e-03
56 1009 2.823544e-01 6.455781e+00  5.242335798442803992e-05  5.260290180781168314e-05  2.441973836176753116e-04  8.298674934694426917e-04
57 1027 2.811628e-01 6.780280e+00  5.170846576666010400e-05  5.170846576666010400e-05  1.174766405040834579e-04  8.005635224564142984e-04
58 1045 2.759518e-01 7.233247e+00  5.170846576666010400e-05  5.754943434334578226e-05  1.011211617508701540e-04  2.962038633711598667e-04
59 1063 2.749072e-01 7.449798e+00  5.115393909222836079e-05  5.115393909222836079e-05  1.039901650056363505e-04  4.486378445651555439e-04
60 1081 2.725304e-01 7.580227e+00  5.062131554653634424e-05  5.062131554653634424e-05  9.582371692157189320e-05  5.379417274311515612e-04
61 1099 2.639950e-01 7.582388e+00  5.062131554653634424e-05  5.727761126152690314e-05  1.313713473258197703e-04  4.030866488689541552e-04
62 1117 2.555179e-01 7.812164e+00  5.062131554653634424e-05  5.262860622136702191e-05  7.350001397779922169e-05  3.918183542736717543e-04
63 1135 2.516198e-01 8.531474e+00  5.062131554653634424e-05  5.196501689545996057e-05  1.103561061070909804e-04  6.596206637434748722e-04
64 1153 2.499054e-01 9.135343e+00  4.873444593608909203e-05  4.873444593608909203e-05  8.400682613122836275e-05  2.848382006172824293e-04
65 1171 2.525528e-01 9.477854e+00  4.873444593608909203e-05  5.093600069432449584e-05  8.436408712815478251e-05  2.078488086137768006e-04
66 1189 2.555778e-01 1.014504e+01  4.824363229342603743e-05  4.824363229342603743e-05  7.834075119642785502e-05  3.405605883909165071e-04
67 1207 2.561569e-01 1.122338e+01  4.824363229342603743e-05  4.913654808626064023e-05  8.627083448938349078e-05  3.733905528027456106e-04
68 1225 2.494447e-01 1.166712e+01  4.824363229342603743e-05  4.983069227125768190e-05  8.096078238203361429e-05  2.643950684085262775e-03
69 1243 2.456249e-01 1.216685e+01  4.824363229342603743e-05  5.367951369984120852e-05  1.102012896823317085e-04  5.080843886876655049e-04
70 1261 2.394495e-01 1.233493e+01  4.799110256450787323e-05  4.799110256450787323e-05  7.660198627847233845e-05  1.450019665786200839e-04
71 1279 2.359884e-01 1.228515e+01  4.799110256450787323e-05  5.532933604421071269e-05  1.027249239822882788e-04  3.135936693575460386e-04
72 1297 2.308258e-01 1.222774e+01  4.799110256450787323e-05  5.146676000563065205e-05  1.071609283913478182e-04  3.573835150400720773e-04
73 1315 2.250873e-01 1.255446e+01  4.799110256450787323e-05  5.405451497944656591e-05  8.389810460124392838e-05  2.533706801122332904e-04
74 1333 2.230797e-01 1.259248e+01  4.799110256450787323e-05  4.936193599313217314e-05  6.969763682240819524e-05  1.306507103434253071e-04
75 1351 2.187465e-01 1.271165e+01  4.779887535409151772e-05  4.779887535409151772e-05  6.990810739337076233e-05  2.340038747769491361e-04
76 1369 2.118860e-01 1.327080e+01  4.779887535409151772e-05  4.815464026205654142e-05  7.218546806649718322e-05  4.060179478917863832e-04
77 1387 2.089298e-01 1.351315e+01  4.705259530198555896e-05  4.705259530198555896e-05  6.756947412299335099e-05  2.108184979317771768e-04
78 1405 2.074943e-01 1.390660e+01  4.705259530198555896e-05  4.899882810908404623e-05  6.987696937685868406e-05  4.839504516079024140e-04
79 1423 2.047125e-01 1.432684e+01  4.705259530198555896e-05  4.814001978661907634e-05  6.725512257201878398e-05  3.411020535092549981e-04
80 1441 2.008839e-01 1.494661e+01  4.705259530198555896e-05  4.888030055566734911e-05  5.998957345768767858e-05  2.521932464202131761e-04
81 1459 1.986293e-01 1.470027e+01  4.652210108891864133e-05  4.652210108891864133e-05  8.488681496470986592e-05  1.991038107170450724e-04
82 1477 1.965113e-01 1.424654e+01  4.652210108891864133e-05  4.710469856755983140e-05  6.845220090632769469e-05  1.912523396219456019e-04
83 1495 1.974611e-01 1.477036e+01  4.652210108891864133e-05  4.665024268630334051e-05  6.151739910781427580e-05  1.890255927908912441e-04
84 1513 1.983892e-01 1.496747e+01  4.652210108891864133e-05  4.811923812522627482e-05  5.721553035827380495e-05  1.965313579670636035e-04
85 1531 1.969815e-01 1.489114e+01  4.652210108891864133e-05  4.771329676435351081e-05  7.637438518483838194e-05  2.047376181631014919e-04
86 1549 1.962588e-01 1.498255e+01  4.638208537200683813e-05  4.638208537200683813e-05  6.439259464550143490e-05  1.625187726401127559e-04
87 1567 1.927519e-01 1.557419e+01  4.638208537200683813e-05  4.825305446286013897e-05  6.962834081809498297e-05  1.025121057370304700e-04
88 1585 1.924221e-01 1.617547e+01  4.593558196454382953e-05  4.593558196454382953e-05  5.960663309393094257e-05  1.584176475654919226e-04
89 1603 1.931095e-01 1.660721e+01  4.475888823582401817e-05  4.475888823582401817e-05  5.312157158413591322e-05  2.573491376089216860e-04
90 1621 1.921447e-01 1.700120e+01  4.431824890011430988e-05  4.431824890011430988e-05  5.457243363169437308e-05  2.699047190108035967e-04
91 1639 1.899871e-01 1.685345e+01  4.431824890011430988e-05  4.439530792340745928e-05  5.435375098388076705e-05  2.162019205081663941e-04
92 1657 1.879359e-01 1.729499e+01  4.431824890011430988e-05  4.494441748148260689e-05  5.398539469232399568e-05  1.425998013514738743e-04
93 1675 1.897464e-01 1.714042e+01  4.431824890011430988e-05  4.494429479475385645e-05  5.382409029816468901e-05  1.105825232321818716e-04
94 1693 1.886961e-01 1.745334e+01  4.431824890011430988e-05  4.508636203636134080e-05  5.231516014136239318e-05  1.846106827740501711e-04
95 1711 1.882350e-01 1.757766e+01  4.405999151719253441e-05  4.405999151719253441e-05  5.422035933865515100e-05  2.168737789639890647e-04
96 1729 1.901237e-01 1.746625e+01  4.350326839721486039e-05  4.350326839721486039e-05  5.455422691191650925e-05  1.172249836699759733e-04
97 1747 1.901336e-01 1.819289e+01  4.350326839721486039e-05  4.354655173769741272e-05  5.458233063104074806e-05  1.101388775062424417e-04
98 1765 1.857294e-01 1.879889e+01  4.274031975353664419e-05  4.274031975353664419e-05  5.642080059620028804e-05  1.430246512266574843e-04
99 1783 1.852136e-01 1.929004e+01  4.274031975353664419e-05  4.421046248989182092e-05  5.286286398499737940e-05  8.170346329305620847e-05
100 1801 1.836016e-01 1.936425e+01  4.274031975353664419e-05  4.673114830563591666e-05  6.051363982172172184e-05  1.400736259193210921e-04
101 1819 1.812527e-01 1.926388e+01  4.274031975353664419e-05  4.308670457090185268e-05  5.370140665965861748e-05  1.208598506657190206e-04
102 1837 1.848111e-01 1.948821e+01  4.274031975353664419e-05  4.545443857911292981e-05  6.018136646155958946e-05  1.487537643096539818e-04
103 1855 1.881072e-01 1.991599e+01  4.249726836653165750e-05  4.249726836653165750e-05  5.391001530409925293e-05  1.804376840277360989e-04
104 1873 1.884480e-01 1.996751e+01  4.249726836653165750e-05  4.462838932073461359e-05  5.688073405081352555e-05  1.223520976629837896e-04
105 1891 1.878435e-01 2.085594e+01  4.249726836653165750e-05  4.415938751288139776e-05  5.739695587400759551e-05  9.736000715519795945e-05
106 1909 1.872267e-01 2.155206e+01  4.249726836653165750e-05  4.409693372063616147e-05  4.995955219753882087e-05  1.471063904950465468e-04
107 1927 1.877331e-01 2.158581e+01  4.190925549401636646e-05  4.190925549401636646e-05  5.098841233794261952e-05  1.338093675071643277e-04
108 1945 1.906469e-01 2.131114e+01  4.190925549401636646e-05  4.304213802635910600e-05  5.504648755799316584e-05  1.112143221424109144e-04
109 1963 1.991383e-01 2.041817e+01  4.125520035409855013e-05  4.125520035409855013e-05  4.961918727354301412e-05  1.182712867698134551e-04
110 1981 2.038290e-01 2.074947e+01  4.125520035409855013e-05  4.161520533531572696e-05  4.966290202022385415e-05  1.357313455927522156e-04
111 1999 2.095128e-01 2.158390e+01  4.125520035409855013e-05  4.191844524516402849e-05  5.423543235139623961e-05  3.579211392196760748e-04
112 2017 2.165652e-01 2.330573e+01  4.125520035409855013e-05  4.145316414200475477e-05  5.821363391242533893e-05  1.096057235679725247e-04
113 2035 2.221652e-01 2.357135e+01  4.082140456911413190e-05  4.082140456911413190e-05  5.582533887829723785e-05  2.822523905042928906e-04
114 2053 2.188869e-01 2.409037e+01  4.082140456911413190e-05  4.221293879679322182e-05  6.342058102343128465e-05  1.807163191149224572e-04
115 2071 2.168134e-01 2.426659e+01  4.082140456911413190e-05  4.431388890904457817e-05  5.627307475242271845e-05  7.317756996765539378e-04
116 2089 2.164499e-01 2.394957e+01  4.082140456911413190e-05  4.175785907189978521e-05  5.227849671792745363e-05  1.255658223140207854e-04
117 2107 2.173766e-01 2.482516e+01  4.082140456911413190e-05  4.469076606530205531e-05  5.955035310650066071e-05  2.175050373203259461e-04
118 2125 2.085862e-01 2.481444e+01  4.082140456911413190e-05  4.194386840169038867e-05  5.878424617274382257e-05  9.018886362595388386e-05
119 2143 2.016708e-01 2.483577e+01  4.082140456911413190e-05  4.236239818623886277e-05  4.857328510423290335e-05  1.038454169628200309e-04
120 2161 1.950385e-01 2.536005e+01  4.082140456911413190e-05  4.284958604137952345e-05  6.137786347900816284e-05  1.120087655316579102e-04
121 2179 1.915210e-01 2.475680e+01  4.082140456911413190e-05  4.473744084125135011e-05  5.795235859967190592e-05  1.811627025739858711e-04
122 2197 1.899505e-01 2.548833e+01  4.082140456911413190e-05  4.353874836232670006e-05  5.727012307983814958e-05  1.149712660682045042e-04
123 2215 1.898877e-01 2.576673e+01  4.082140456911413190e-05  4.221222754360723551e-05  5.052472267655831815e-05  1.553376520427531720e-04
124 2233 1.926330e-01 2.624375e+01  4.082140456911413190e-05  4.235435152598658414e-05  5.055982474616812393e-05  1.002592096516264394e-04
125 2251 1.918012e-01 2.624629e+01  4.082140456911413190e-05  4.200808876227106058e-05  5.776859687373269651e-05  1.375092882032832474e-04
126 2269 1.875699e-01 2.761054e+01  4.082140456911413190e-05  4.193545823027530913e-05  4.681020871535009130e-05  1.182410985064678702e-04
127 2287 1.812823e-01 2.870971e+01  4.082140456911413190e-05  4.128674122479540653e-05  5.527140188113151568e-05  1.155950786225761487e-04
128 2305 1.796322e-01 2.911715e+01  4.082140456911413190e-05  4.245164832454717546e-05  5.103481664529895077e-05  1.213500258690962619e-04
129 2323 1.748898e-01 3.153624e+01  4.082140456911413190e-05  4.104056182552796118e-05  4.695325657231896242e-05  1.037110963606780871e-04
130 2341 1.710854e-01 3.203200e+01  4.075195818016204838e-05  4.075195818016204838e-05  4.438366685802101129e-05  8.096959616578782804e-05
131 2359 1.704153e-01 3.236989e+01  4.015138506093623001e-05  4.015138506093623001e-05  4.882129964870917836e-05  1.176363822299792452e-04
132 2377 1.690885e-01 3.165194e+01  4.015138506093623001e-05  4.145684989582125213e-05  4.751425153471488378e-05  9.642352319275244944e-05
133 2395 1.680970e-01 3.149262e+01  4.015138506093623001e-05  4.072755801092058363e-05  4.551914357588635084e-05  1.375820328206648312e-04
134 2413 1.699170e-01 3.139461e+01  4.015138506093623001e-05  4.121717097931211103e-05  4.673608905614603755e-05  1.028766960426737566e-04
135 2431 1.723336e-01 3.083020e+01  4.015138506093623001e-05  4.174372518533433238e-05  5.197708112995987425e-05  1.899862755490797084e-04
136 2449 1.714922e-01 3.089139e+01  4.015138506093623001e-05  4.064873778264804560e-05  4.265977398733399441e-05  8.916392835196187310e-05
137 2467 1.718074e-01 3.389122e+01  4.015138506093623001e-05  4.101981541356039166e-05  4.931447716526839371e-05  6.907019769243838902e-05
138 2485 1.716134e-01 3.522824e+01  4.012917875826580707e-05  4.012917875826580707e-05  4.900940665240836598e-05  6.951531181908219333e-05
139 2503 1.690938e-01 3.587399e+01  4.012917875826580707e-05  4.163604652510444009e-05  4.414076396581312426e-05  8.587078113945836324e-05
140 2521 1.655731e-01 3.676341e+01  3.950152671980506030e-05  3.950152671980506030e-05  4.941237844549884335e-05  8.131496815237238658e-05
141 2539 1.597862e-01 3.581117e+01  3.950152671980506030e-05  3.994428724471338262e-05  4.394506499199527915e-05  6.797605534742317884e-05
142 2557 1.565852e-01 3.739822e+01  3.950152671980506030e-05  4.120507963615107662e-05  4.605620330500179491e-05  1.597451699952728594e-04
143 2575 1.558292e-01 3.965970e+01  3.950152671980506030e-05  4.032468595625294248e-05  4.646697223949286450e-05  5.437895219615023612e-05
144 2593 1.559409e-01 3.974788e+01  3.950152671980506030e-05  3.994886552152082556e-05  4.397119662258505148e-05  6.032378902980528346e-05
145 2611 1.533523e-01 4.272953e+01  3.950152671980506030e-05  4.025671747998469432e-05  4.729797404768607352e-05  1.110369912684649069e-04
146 2629 1.496193e-01 4.222553e+01  3.950152671980506030e-05  4.015556942804750435e-05  4.326010863499497741e-05  8.533024035165402330e-05
147 2647 1.478125e-01 4.077075e+01  3.950152671980506030e-05  4.035916301086749054e-05  4.283155151549678864e-05  6.358531528621394762e-05
148 2665 1.451932e-01 4.116175e+01  3.950152671980506030e-05  3.971124809100568556e-05  4.424896960907612154e-05  8.571676860696404851e-05
149 2683 1.453358e-01 4.176419e+01  3.950152671980506030e-05  4.012121846113125584e-05  4.284927604615524971e-05  4.856388464476383139e-05
150 2701 1.460479e-01 4.224403e+01  3.950152671980506030e-05  4.049925388232264217e-05  4.672040701043189508e-05  6.169606309328775598e-05
151 2719 1.442556e-01 4.306083e+01  3.933990937554427190e-05  3.933990937554427190e-05  4.202559608062451463e-05  6.453862780497635152e-05
152 2737 1.435032e-01 4.316985e+01  3.927449025172811980e-05  3.927449025172811980e-05  4.536661254193380719e-05  7.391625805949181391e-05
153 2755 1.441908e-01 4.318538e+01  3.927449025172811980e-05  3.934868176381103817e-05  4.364029073717272882e-05  8.700552242884037983e-05
154 2773 1.452800e-01 4.341988e+01  3.927449025172811980e-05  3.974683223485197810e-05  4.224182965066048659e-05  8.013705128704878117e-05
155 2791 1.438082e-01 4.282126e+01  3.906461322447108417e-05  3.906461322447108417e-05  4.283381288065153848e-05  6.659280759593188973e-05
156 2809 1.431894e-01 4.177448e+01  3.906461322447108417e-05  3.917025864129242396e-05  4.133663637953362215e-05  6.835986665808145492e-05
157 2827 1.385876e-01 4.104766e+01  3.893502730666879315e-05  3.893502730666879315e-05  4.209475334460434349e-05  5.673514826855768748e-05
158 2845 1.341091e-01 4.069723e+01  3.863199686312741469e-05  3.863199686312741469e-05  4.369471393900642995e-05  4.772443927964355686e-05
159 2863 1.312069e-01 4.025360e+01  3.863199686312741469e-05  3.964559918334960146e-05  4.572578036617899787e-05  8.467179803698550986e-05
160 2881 1.297472e-01 4.367529e+01  3.863199686312741469e-05  3.898501391920893217e-05  4.102613505255118360e-05  5.643889086539885633e-05
161 2899 1.291836e-01 4.218101e+01  3.863199686312741469e-05  3.876441622605551751e-05  4.066578970382010911e-05  5.523223882271705736e-05
162 2917 1.271771e-01 4.246540e+01  3.860885553278258457e-05  3.860885553278258457e-05  4.092681886776109552e-05  5.224129422830462664e-05
163 2935 1.257974e-01 4.138492e+01  3.860027420890536134e-05  3.860027420890536134e-05  3.996411438861833409e-05  5.109890187702122280e-05
164 2953 1.254870e-01 4.176257e+01  3.839046608139611027e-05  3.839046608139611027e-05  4.148055137586421253e-05  5.199435755471668025e-05
165 2971 1.262493e-01 4.206677e+01  3.839046608139611027e-05  3.915283209578886533e-05  4.199009023078940255e-05  5.358257473176593886e-05
166 2989 1.273759e-01 4.322162e+01  3.839046608139611027e-05  3.939511563213909544e-05  4.426461922559391860e-05  5.606910132055935899e-05
167 3007 1.269159e-01 4.329875e+01  3.831514691947123977e-05  3.831514691947123977e-05  4.279691923876694838e-05  5.944460183869202351e-05
168 3025 1.249555e-01 4.345119e+01  3.831514691947123977e-05  3.845387105374514368e-05  4.119034263967413101e-05  8.410958650823610616e-05
169 3043 1.242177e-01 4.482945e+01  3.810241750055965245e-05  3.810241750055965245e-05  4.014497141667846137e-05  4.734205907657618618e-05
170 3061 1.230407e-01 4.439633e+01  3.807583196339065304e-05  3.807583196339065304e-05  4.205234679779111686e-05  5.175628569605129301e-05
171 3079 1.224467e-01 4.346517e+01  3.807583196339065304e-05  3.830573391327267045e-05  4.196369685992317101e-05  5.154437844197874984e-05
172 3097 1.215897e-01 4.362856e+01  3.807583196339065304e-05  3.843577179187470673e-05  4.015997028731997892e-05  5.696551883099272963e-05
173 3115 1.211031e-01 4.450182e+01  3.800636765212025666e-05  3.800636765212025666e-05  4.073469614165920350e-05  7.071318210799059192e-05
174 3133 1.177794e-01 4.334432e+01  3.797649789122791770e-05  3.797649789122791770e-05  3.912083644281789984e-05  4.735233362774057012e-05
175 3151 1.172660e-01 4.397085e+01  3.789361160084386734e-05  3.789361160084386734e-05  3.907536642009694296e-05  4.753011553522750387e-05
176 3169 1.167778e-01 4.543396e+01  3.787838753108959441e-05  3.787838753108959441e-05  3.968857320491005430e-05  5.296909958707794421e-05
177 3187 1.162079e-01 4.553772e+01  3.787838753108959441e-05  3.788015532163819729e-05  3.963143027256357109e-05  5.853289034341949577e-05
178 3205 1.157599e-01 4.559540e+01  3.746906265923147830e-05  3.746906265923147830e-05  4.018348647419850786e-05  4.664448472416337786e-05
179 3223 1.144852e-01 4.706051e+01  3.746906265923147830e-05  3.749337566348735941e-05  4.091092289814450951e-05  5.070214555257629533e-05
180 3241 1.154815e-01 4.699768e+01  3.733390642842762642e-05  3.733390642842762642e-05  3.891714642053161724e-05  5.232610346160068281e-05
181 3259 1.169007e-01 4.686861e+01  3.722825502570798617e-05  3.722825502570798617e-05  3.836813729185556019e-05  5.534287153915411190e-05
182 3277 1.152238e-01 4.615119e+01  3.722825502570798617e-05  3.728218498836176651e-05  3.834733083576286896e-05  5.924048530538823765e-05
183 3295 1.157186e-01 4.829055e+01  3.719859253952486402e-05  3.719859253952486402e-05  3.930104606901533768e-05  4.551131960640735776e-05
184 3313 1.173552e-01 4.842975e+01  3.703708502061755831e-05  3.703708502061755831e-05  3.899187307515311477e-05  5.412032857565639889e-05
185 3331 1.170812e-01 4.918370e+01  3.703708502061755831e-05  3.721184414263278812e-05  4.080484996270545390e-05  4.796403803414341104e-05
186 3349 1.173460e-01 4.801903e+01  3.703708502061755831e-05  3.725831399911100876e-05  3.980549464583190604e-05  1.319278350363120415e-04
187 3367 1.160226e-01 4.677393e+01  3.703708502061755831e-05  3.737919575064020737e-05  4.000114508477774081e-05  5.188545946116096004e-05
188 3385 1.149948e-01 4.800082e+01  3.703708502061755831e-05  3.739173557242289950e-05  3.943748865963624903e-05  5.532614929606835183e-05
189 3403 1.123022e-01 4.819456e+01  3.703708502061755831e-05  3.723962395079070004e-05  4.000238505484795225e-05  7.343614785832261070e-05
190 3421 1.112425e-01 4.615476e+01  3.703708502061755831e-05  3.724938168773589002e-05  3.850396994022871409e-05  5.521730232598862185e-05
191 3439 1.104196e-01 4.541161e+01  3.701759845521613006e-05  3.701759845521613006e-05  3.826322018084634324e-05  4.848273726713153551e-05
192 3457 1.089980e-01 4.683024e+01  3.695578638753567056e-05  3.695578638753567056e-05  3.887704717928860694e-05  5.116161380252885071e-05
193 3475 1.075070e-01 4.581400e+01  3.695578638753567056e-05  3.727533733956875253e-05  3.869385992866730624e-05  6.512672709087670962e-05
194 3493 1.061962e-01 4.681530e+01  3.695578638753567056e-05  3.723959553279319163e-05  3.947401177281646787e-05  5.234110899005231358e-05
195 3511 1.034559e-01 4.749142e+01  3.695578638753567056e-05  3.716543162344596284e-05  3.975153768816450648e-05  4.761109904869298951e-05
196 3529 1.022939e-01 5.109264e+01  3.695578638753567056e-05  3.705744460979967515e-05  3.844317132498478208e-05  5.387811863882272575e-05
197 3547 1.039053e-01 5.035024e+01  3.695578638753567056e-05  3.710068227330745171e-05  3.871070095158410287e-05  5.836996816508509272e-05
198 3565 1.046604e-01 4.931236e+01  3.695578638753567056e-05  3.715673948515752390e-05  3.843310166772278668e-05  4.748939766653337529e-05
199 3583 1.060328e-01 5.095366e+01  3.695578638753567056e-05  3.695680654419564425e-05  3.831542809411583558e-05  5.115162319405384847e-05
200 3601 1.049170e-01 5.136722e+01  3.695578638753567056e-05  3.709801272088813432e-05  3.827362364713613482e-05  5.352791347672822362e-05
201 3619 1.046912e-01 5.348223e+01  3.695578638753567056e-05  3.713791859840440119e-05  3.770985546076062732e-05  4.367687155559663438e-05
202 3637 1.056620e-01 5.423084e+01  3.695578638753567056e-05  3.697911769023896255e-05  3.798926305067815514e-05  5.133757620355231265e-05
203 3655 1.080445e-01 5.973392e+01  3.695578638753567056e-05  3.696551707229368290e-05  3.774420519204671346e-05  4.749599268376918174e-05
204 3673 1.073701e-01 6.086747e+01  3.695578638753567056e-05  3.698503613563003693e-05  3.869952848254671571e-05  4.924936093665370908e-05
205 3691 1.080616e-01 5.965021e+01  3.680623842895088525e-05  3.680623842895088525e-05  3.797887291529280487e-05  4.476605078847548753e-05
206 3709 1.077058e-01 6.110599e+01  3.680623842895088525e-05  3.695420301692451201e-05  3.808105450246571550e-05  4.642211470386150478e-05
207 3727 1.091634e-01 6.416953e+01  3.680623842895088525e-05  3.695734836975086485e-05  3.809267454641109913e-05  5.609591300983578211e-05
208 3745 1.086739e-01 6.651051e+01  3.680431837542576321e-05  3.680431837542576321e-05  3.801714926526107935e-05  4.574765200934516318e-05
209 3763 1.056925e-01 6.432016e+01  3.680431837542576321e-05  3.711963726043219640e-05  3.804201992801450590e-05  4.222254125548070521e-05
210 3781 1.037634e-01 6.416300e+01  3.680431837542576321e-05  3.696723801858136651e-05  3.795379870157533034e-05  4.508868608859675537e-05
211 3799 1.030764e-01 6.614155e+01  3.680431837542576321e-05  3.686553336978228734e-05  3.856117566913911917e-05  4.492493420418876461e-05
212 3817 1.029621e-01 6.979614e+01  3.680431837542576321e-05  3.687626585686516566e-05  3.821688044273301041e-05  4.163150097724573263e-05
213 3835 1.029935e-01 6.821572e+01  3.680431837542576321e-05  3.689838588613383592e-05  3.873003198790901571e-05  4.707098321460931984e-05
214 3853 1.035971e-01 7.078360e+01  3.680431837542576321e-05  3.685552817905429779e-05  3.810171605901861833e-05  4.115156692732686747e-05
215 3871 1.029534e-01 6.986965e+01  3.669900736927474150e-05  3.669900736927474150e-05  3.738285441990193839e-05  4.494508734228128632e-05
216 3889 1.007177e-01 7.257047e+01  3.669900736927474150e-05  3.687212200033905958e-05  3.757219689479944068e-05  4.016866870976859468e-05
217 3907 1.002158e-01 6.992337e+01  3.669900736927474150e-05  3.676627796928846962e-05  3.766012093636372207e-05  4.116835050850321299e-05
218 3925 1.012957e-01 6.797753e+01  3.669900736927474150e-05  3.678077134682667228e-05  3.733170076823011830e-05  4.151020508296764436e-05
219 3943 1.023585e-01 6.954893e+01  3.669900736927474150e-05  3.680135553970110982e-05  3.759416014968109342e-05  4.485735960661380874e-05
220 3961 1.028542e-01 6.525482e+01  3.669900736927474150e-05  3.679350492689518131e-05  3.771065767145966014e-05  4.060272540507733728e-05
221 3979 1.033502e-01 6.521518e+01  3.669900736927474150e-05  3.674517352265280451e-05  3.710336392222429237e-05  4.368799359267568880e-05
222 3997 1.045429e-01 6.910427e+01  3.669900736927474150e-05  3.683423300120422072e-05  3.733685346743140807e-05  4.029385659849440895e-05
223 4015 1.036237e-01 6.759149e+01  3.669900736927474150e-05  3.676611204606229514e-05  3.768503277255385187e-05  4.112176254484114899e-05
224 4033 1.044084e-01 7.468654e+01  3.664997015573359494e-05  3.664997015573359494e-05  3.722470546318599105e-05  3.947056832942371735e-05
225 4051 1.072279e-01 7.608269e+01  3.664997015573359494e-05  3.668101993357171016e-05  3.694485148014722478e-05  3.842437367891451575e-05
226 4069 1.097875e-01 8.057940e+01  3.664997015573359494e-05  3.668134684104474598e-05  3.683229661220375432e-05  4.464600359858274139e-05
227 4087 1.121543e-01 8.237298e+01  3.664997015573359494e-05  3.669068331141783393e-05  3.750048352585768924e-05  4.138443079025921391e-05
228 4105 1.175108e-01 8.491797e+01  3.664997015573359494e-05  3.676938905084359711e-05  3.744890286431937047e-05  4.270575493184883075e-05
229 4123 1.214540e-01 8.554406e+01  3.664997015573359494e-05  3.667935276592125711e-05  3.766918220373464526e-05  4.386709619278161685e-05
230 4141 1.257249e-01 8.422322e+01  3.664997015573359494e-05  3.667488974649490697e-05  3.705106112988825547e-05  4.057026898871091635e-05
231 4159 1.288852e-01 8.463686e+01  3.664997015573359494e-05  3.669474984805830460e-05  3.831463980985318218e-05  4.251866913976217632e-05
232 4177 1.324672e-01 8.638789e+01  3.663044260635773988e-05  3.663044260635773988e-05  3.769657138200511841e-05  4.121589132075998785e-05
233 4195 1.351585e-01 8.441388e+01  3.663044260635773988e-05  3.669615235028744445e-05  3.786450545757250063e-05  4.908602546551637770e-05
234 4213 1.377438e-01 8.358574e+01  3.663044260635773988e-05  3.663081693518245189e-05  3.846860823368836179e-05  4.318160285523057839e-05
235 4231 1.383676e-01 8.321617e+01  3.659097195003419652e-05  3.659097195003419652e-05  3.858884931247061648e-05  4.456956846027235040e-05
236 4249 1.395069e-01 8.051025e+01  3.659097195003419652e-05  3.673568443096369323e-05  3.821490354096272193e-05  4.410823944285723665e-05
237 4267 1.416987e-01 7.792373e+01  3.645927112103366851e-05  3.645927112103366851e-05  3.702901766801853817e-05  4.183931984962266886e-05
238 4285 1.446983e-01 7.533461e+01  3.645927112103366851e-05  3.662230526932249802e-05  3.748494983099636205e-05  4.620189968440779118e-05
239 4303 1.450576e-01 7.465937e+01  3.645927112103366851e-05  3.647970884093684871e-05  3.731264901152681046e-05  4.273942032392761246e-05
240 4321 1.464435e-01 7.516101e+01  3.644728034841764259e-05  3.644728034841764259e-05  3.761294708709081859e-05  5.375770122790018914e-05
241 4339 1.470363e-01 7.446252e+01  3.644728034841764259e-05  3.664665224800587814e-05  3.830586289439857363e-05  4.162499698074692133e-05
242 4357 1.470276e-01 7.538165e+01  3.641031425455485868e-05  3.641031425455485868e-05  3.812758405049015021e-05  4.994004691220608008e-05
243 4375 1.462968e-01 7.374553e+01  3.641031425455485868e-05  3.672657501641104648e-05  3.822642970163742077e-05  4.573569382913555856e-05
244 4393 1.413311e-01 7.342596e+01  3.641031425455485868e-05  3.664837991572684041e-05  3.811244257364279013e-05  4.544876831457909542e-05
245 4411 1.359658e-01 7.173950e+01  3.641031425455485868e-05  3.644708326975605204e-05  3.745345705774592111e-05  4.846776935673878696e-05
246 4429 1.312134e-01 7.349170e+01  3.641031425455485868e-05  3.643344061571456341e-05  3.734423755353196719e-05  4.347923373826724118e-05
247 4447 1.275682e-01 7.301330e+01  3.641031425455485868e-05  3.654161740996516189e-05  3.761712635506954416e-05  4.334544322444684901e-05
248 4465 1.272501e-01 7.204369e+01  3.641031425455485868e-05  3.644477289053868431e-05  3.729485523248877651e-05  4.080325192472663312e-05
249 4483 1.278896e-01 7.292544e+01  3.641031425455485868e-05  3.649685060575085129e-05  3.713750829968395317e-05  4.450264206688234290e-05
250 4501 1.325392e-01 7.433578e+01  3.641031425455485868e-05  3.647502392370437929e-05  3.814772062429750435e-05  4.510439063335583589e-05
251 4519 1.356237e-01 7.854081e+01  3.641031425455485868e-05  3.649959443084216571e-05  3.711181316474145204e-05  4.956045259249391852e-05
